HD698                  4.551 0.006 0.96 0.03  0.07 0.19  0.99 0.05  2.95 0.19 0.15 0.05 6.51 0.29 2.38 0.09 1.33  0.00 3.94 0.16 1.70 0.18
HD3191                 4.636 0.003 0.94 0.02 -0.79 0.20  1.00 0.04  2.99 0.16 0.31 0.02 5.76 0.09 2.04 0.06 1.33  0.01 2.81 0.09 0.93 0.14
BD+57 245 (NGC 457)    4.561 0.005 0.89 0.03 -0.47 0.31  0.88 0.06  3.13 0.19 0.24 0.03 5.71 0.16 2.05 0.06 1.31  0.00 2.97 0.13 0.96 0.17
BD+57 252 (NGC 457)    4.577 0.005 0.92 0.02 -0.66 0.25  0.95 0.05  3.39 0.17 0.17 0.02 5.48 0.23 2.15 0.06 1.32  0.00 2.97 0.10 0.98 0.15
NGC 457 Pesch 34       4.579 0.003 0.91 0.01 -0.55 0.20  0.86 0.04  3.32 0.11 0.31 0.02 6.14 0.09 1.99 0.07 1.30  0.01 2.94 0.11 0.84 0.16
NGC 457 Pesch 13       4.587 0.004 0.87 0.02 -0.69 0.33  0.84 0.07  2.91 0.14 0.26 0.02 5.59 0.17 2.03 0.07 1.31  0.01 3.11 0.11 0.90 0.16
NGC 457 Pesch 9        4.578 0.006 1.07 0.03 -1.13 0.22  1.08 0.04  4.31 0.22 0.18 0.02 5.00 0.18 2.37 0.05 1.35  0.01 2.76 0.07 0.79 0.12
Cr 463 #18             4.606 0.009 1.18 0.05 -0.47 0.26  1.03 0.07  5.23 0.45 0.30 0.03 5.09 0.20           1.37  0.01 3.38 0.17 1.29
BD+70 131 (Cr 463)     4.577 0.011 1.11 0.05  0.17 0.32  0.86 0.08  5.11 0.49 0.35 0.04 5.00 0.19           1.37  0.00 3.40 0.20 1.30
Cr 463 #5              4.610 0.008 1.08 0.04  0.45 0.33  0.74 0.08  4.77 0.34 0.32 0.03 5.06 0.18           1.37  0.00 2.91 0.18 0.99
BD+71 92 (Cr 463)      4.552 0.007 1.01 0.04  0.16 0.31  0.85 0.09  4.78 0.35 0.42 0.04 5.56 0.13           1.37  0.00 3.42 0.25 1.32
BD+71 107 (Cr 463)     4.538 0.008 0.96 0.03  0.01 0.25  0.92 0.05  3.74 0.24 0.66 0.06 6.24 0.06           1.37  0.00 2.96 0.14 1.02
BD+55 393              4.612 0.006 0.84 0.02  0.93 0.42  0.69 0.09  2.41 0.18 0.24 0.03 5.00 0.22 2.21 0.13 1.32 -0.01 2.88 0.20 0.99 0.25
Hiltner 188            4.585 0.006 0.88 0.03 -0.89 0.25  1.01 0.05  2.96 0.17 0.26 0.03 5.83 0.09 2.04 0.06 1.33  0.01 2.87 0.08 0.94 0.12
HD236923               4.597 0.005 0.91 0.03 -0.48 0.27  0.92 0.05  3.47 0.22 0.22 0.02 5.45 0.16 2.14 0.06 1.33  0.01 2.82 0.08 0.91 0.14
HD12323                4.609 0.004 0.86 0.02 -0.21 0.30  1.02 0.09  3.04 0.24 0.64 0.07 6.19 0.08 2.06 0.16 1.29 -0.01 2.90 0.26 0.98 0.38
HD13338                4.596 0.002 0.81 0.01  0.54 0.11  0.72 0.03  2.73 0.08 0.34 0.02 6.26 0.05 2.09 0.07 1.32 -0.00 2.69 0.11 0.82 0.19
BD+57 513              4.598 0.004 0.88 0.01 -0.52 0.26  0.96 0.05  2.87 0.12 0.22 0.02 5.62 0.18 2.10 0.07 1.32 -0.00 2.85 0.10 0.98 0.14
HD13621                4.591 0.004 0.88 0.02 -1.44 0.50  1.08 0.10  2.90 0.16 0.26 0.09 6.71 0.39 1.99 0.11 1.32 -0.01 2.88 0.17 1.11 0.30
HD13659                4.626 0.004 0.96 0.02 -1.49 0.17  1.15 0.03  2.01 0.10 0.32 0.02 5.73 0.07 1.91 0.04 1.33  0.00 2.49 0.07 0.81 0.12
HD14092                4.575 0.005 0.95 0.03  1.43 0.23  0.56 0.05  3.45 0.23 0.27 0.02 5.00 0.12 2.35 0.09 1.33 -0.00 2.96 0.11 1.03 0.14
HD14053 (NGC 869)      4.607 0.004 0.94 0.03 -0.42 0.29  0.90 0.06  3.19 0.19 0.25 0.03 6.07 0.14 2.07 0.06 1.32 -0.00 2.82 0.11 0.99 0.14
BD+56 501 (NGC 869)    4.588 0.003 0.87 0.01 -0.28 0.24  0.80 0.05  3.06 0.11 0.23 0.02 6.11 0.17 1.89 0.06 1.31 -0.01 3.01 0.12 1.15 0.17
BD+56 502 (NGC 869)    4.606 0.005 0.90 0.03 -0.38 0.23  0.93 0.04  2.78 0.14 0.30 0.02 5.97 0.08 2.12 0.06 1.33 -0.00 2.71 0.09 0.95 0.15
BD+56 510 (NGC 869)    4.591 0.003 0.86 0.02  0.57 0.23  0.66 0.05  2.77 0.13 0.19 0.01 5.31 0.21 2.06 0.07 1.34 -0.01 2.63 0.11 0.98 0.22
BD+56 511 (NGC 869)    4.592 0.003 0.95 0.01  0.01 0.13  0.79 0.03  3.30 0.09 0.23 0.01 5.77 0.07 2.03 0.06 1.34 -0.01 3.12 0.10 1.35 0.17
BD+56 515 (NGC 869)    4.597 0.004 0.91 0.02 -0.48 0.21  0.87 0.05  3.06 0.13 0.21 0.03 5.72 0.20           1.35 -0.00 2.73 0.10 0.95 0.18
BD+56 516 (NGC 869)    4.578 0.005 0.85 0.02 -0.79 0.22  1.02 0.04  3.11 0.12 0.26 0.03 5.92 0.12 2.23 0.08 1.34  0.00 2.99 0.11 1.02 0.17
BD+56 517 (NGC 869)    4.577 0.003 0.80 0.02 -0.71 0.25  0.95 0.05  2.96 0.13 0.43 0.03 6.24 0.08 2.09 0.08 1.32  0.00 3.05 0.11 1.03 0.15
BD+56 518 (NGC 869)    4.589 0.005 0.94 0.03 -0.48 0.23  0.91 0.05  3.16 0.16 0.12 0.01 5.00 0.18 2.15 0.06 1.36 -0.01 2.58 0.09 1.01 0.13
BD+56 524 (NGC 869)    4.585 0.004 0.87 0.02 -0.06 0.17  0.87 0.04  2.64 0.11 0.35 0.04 6.05 0.10 2.14 0.06 1.33  0.00 2.78 0.10 0.93 0.15
BD+56 526 (NGC 869)    4.587 0.005 0.92 0.03 -0.85 0.14  1.00 0.03  3.14 0.15 0.39 0.04 6.23 0.08 2.08 0.05 1.33  0.01 2.87 0.07 0.93 0.13
HD14250 (NGC 884)      4.595 0.002 0.88 0.01 -0.18 0.17  0.82 0.03  3.15 0.09 0.24 0.02 5.95 0.13 2.09 0.06 1.33  0.00 2.85 0.11 0.97 0.18
HD14321 (NGC 884)      4.597 0.004 0.92 0.02 -0.45 0.17  0.88 0.04  3.11 0.15 0.22 0.01 5.53 0.10 1.98 0.07 1.32 -0.00 2.62 0.10 0.85 0.15
HD14357 (NGC 884)      4.611 0.004 0.96 0.02 -0.83 0.17  1.03 0.04  3.15 0.11 0.23 0.01 5.79 0.08 2.00 0.06 1.32  0.00 2.75 0.10 0.90 0.16
BD+56 571 (NGC 884)    4.589 0.004 0.84 0.02  0.31 0.22  0.74 0.05  3.00 0.12 0.12 0.01 5.00 0.23 2.02 0.06 1.33 -0.00 2.72 0.09 0.98 0.13
BD+56 574 (NGC 884)    4.631 0.007 0.89 0.03 -0.43 0.28  0.88 0.05  3.11 0.20 0.20 0.03 5.86 0.17 2.02 0.07 1.32  0.00 2.84 0.11 0.93 0.14
BD+56 576 (NGC 884)    4.575 0.004 0.86 0.01 -0.22 0.24  0.88 0.05  3.16 0.12 0.12 0.02 5.46 0.30 2.17 0.06 1.33  0.00 2.78 0.09 0.90 0.13
HD14520 (NGC 884)      4.593 0.003 0.86 0.02 -0.31 0.13  0.85 0.04  2.89 0.09 0.18 0.02 5.71 0.13 2.04 0.10 1.32  0.00 2.62 0.10 0.81
BD+56 589              4.606 0.003 0.89 0.01 -0.47 0.10  0.91 0.03  3.00 0.08 0.23 0.02 5.86 0.09 2.03 0.05 1.33  0.00 2.82 0.09 0.99 0.19
HD236960 (IC 1805)     4.584 0.003 0.89 0.01 -0.22 0.11  0.78 0.03  2.99 0.09 0.27 0.02 5.91 0.07 1.93 0.04 1.33  0.00 2.81 0.08 1.02 0.12
HD17443                4.560 0.009 1.09 0.06 -0.22 0.30  0.90 0.11  3.13 0.36 0.70 0.15 6.21 0.13 2.30 0.27 1.39 -0.01 2.58 0.21 0.99 0.25
HD237019 (IC 1848)     4.582 0.005 0.91 0.02 -0.26       0.76 0.03  3.06 0.13 0.33 0.02 6.11 0.06 1.99 0.05 1.32  0.01 3.08 0.07 1.06 0.11
BD+60 594 (IC 1848)    4.598 0.003 0.89 0.02 -0.24 0.20  0.78 0.04  3.12 0.14 0.34 0.03 6.11 0.10 1.89 0.05 1.31 -0.00 2.68 0.09 0.85 0.13
HD18352 (IC 1848)      4.594 0.003 0.91 0.01 -0.14       0.72 0.04  3.73 0.24 0.40 0.05 6.65 0.09 2.01 0.08 1.31  0.00 2.67 0.15 0.69 0.21
HD19820                4.587 0.002 0.89 0.02  0.18 0.13  0.72 0.02  3.16 0.12 0.43 0.02 6.36 0.05 1.98 0.05 1.33  0.00 2.74 0.07 0.93 0.09
HD21483                4.625 0.005 1.08 0.03 -0.21 0.27  0.82 0.05  2.82 0.14 0.37 0.02 5.91 0.08 2.15 0.07 1.33  0.01 2.83 0.09 0.86 0.13
HD23060                4.598 0.005 0.91 0.02  1.82 0.47  0.28 0.11  2.91 0.21 0.52 0.13 6.81 0.23 2.10 0.13 1.32 -0.01 2.87 0.17 1.01 0.22
HD23180                4.662 0.014 1.30 0.07 -0.02 0.28  0.69 0.06  5.25 0.60 0.48 0.03 6.05 0.06           1.32 -0.01 3.14 0.22 1.14
HD281159 (IC 348)      4.574 0.003 1.08 0.02  0.58 0.11  0.61 0.02  4.12 0.14 0.36 0.01 6.00 0.03 2.38 0.05 1.37  0.02 3.14 0.06 1.03 0.08
HD23512 (Mel 22)       4.544 0.014 1.34 0.07  1.33 0.39  0.51 0.10  4.11 0.55 0.61 0.05 5.00 0.13 2.58 0.14 1.39  0.01 3.20 0.17 1.05 0.22
HD24432                4.589 0.002 0.89 0.01 -0.87 0.11  1.06 0.03  2.89 0.07 0.40 0.02 6.08 0.03 2.11 0.04 1.34  0.01 2.87 0.06 0.91 0.08
HD25443                4.589 0.003 0.91 0.01 -0.78       0.93 0.04  3.45 0.16 0.35 0.03 6.53 0.06 1.96 0.05 1.31  0.00 2.67 0.09 0.77 0.14
HD25638                4.574 0.004 0.88 0.03 -0.68 0.12  1.00 0.03  3.05 0.15 0.40 0.03 6.42 0.06 2.11 0.05 1.32  0.01 3.03 0.08 1.06 0.11
HD27778                4.593 0.005 1.18 0.03 -0.44 0.26  0.91 0.06  3.66 0.22 0.55 0.03 6.01 0.06 2.42 0.10 1.35  0.00 2.68 0.15 0.77 0.18
HD28475                4.554 0.008 0.94 0.04  0.21 0.35  0.58 0.08  4.68 0.42 0.67 0.12 6.86 0.11 2.00 0.18 1.29  0.01 3.09 0.24 0.80 0.34
HD28482                4.589 0.005 1.11 0.03  0.10 0.17  0.79 0.06  3.44 0.21 0.76 0.05 6.11 0.05 2.08 0.12 1.32  0.01 3.13 0.13 0.98 0.16
HD29309                4.597 0.003 0.95 0.01  0.81 0.11  0.69 0.03  2.78 0.10 0.37 0.02 6.04 0.05 2.38 0.08 1.34  0.01 3.64 0.11 1.39 0.14
HD29647                4.639 0.037 2.41 0.22 -0.77 0.18  0.79 0.03 10.67 2.79 0.34 0.03 5.53 0.13 1.94 0.08 1.37  0.02 3.46 0.09 1.42 0.09
BD+45 973              4.581 0.003 1.00 0.02  0.59 0.16  0.59 0.03  3.91 0.16 0.35 0.01 5.92 0.05 2.23 0.04 1.36  0.00 2.71 0.06 0.92 0.08
HD30123 (NGC 1647)     4.616 0.005 0.97 0.03 -2.01 0.18  1.18 0.04  3.14 0.18 0.61 0.04 5.95 0.06 2.15 0.12 1.36  0.01 3.30 0.12 1.28 0.16
HD284841 (NGC 1647)    4.611 0.004 0.99 0.02 -1.21 0.13  1.13 0.04  3.21 0.15 0.53 0.03 5.74 0.05 2.47 0.09 1.36  0.02 2.98 0.12 0.79 0.18
HD284839 (NGC 1647)    4.605 0.007 1.02 0.03 -1.49 0.25  1.16 0.07  3.66 0.23 0.53 0.03 5.80 0.06 1.91 0.12 1.31  0.00 2.92 0.17 0.88 0.27
HD30122                4.570 0.004 1.08 0.02 -0.25 0.28  0.82 0.13  5.25 0.40 0.63 0.09 6.54 0.12 2.00 0.17 1.28  0.01 3.04 0.25 0.72 0.27
HD282485               4.603 0.006 1.23 0.03 -0.58 0.24  0.79 0.10  6.95 0.52 0.43 0.04 5.47 0.18 1.91 0.18 1.30  0.01 3.14 0.20 0.91 0.18
HD30470 (NGC 1662)     4.588 0.010 1.12 0.05  0.68 0.29  0.53 0.07  3.94 0.42 0.37 0.04 5.00 0.15 2.17 0.13 1.35  0.01 3.09 0.18 0.93 0.25
HD287150 (NGC 1662)    4.553 0.012 1.03 0.07 -0.25 0.26  0.93 0.07  3.01 0.38 0.36 0.05 5.00 0.13 2.19 0.11 1.37  0.00 3.29 0.14 1.36 0.22
HD30492 (NGC 1662)     4.592 0.008 1.03 0.04  0.49 0.23  0.61 0.06  3.13 0.29 0.35 0.04 5.00 0.15 2.15 0.12 1.37  0.00 2.93 0.16 1.08 0.21
HD30675                4.619 0.004 1.12 0.02 -0.35 0.15  0.82 0.05  5.06 0.19 0.45 0.03 5.97 0.07 2.16 0.07 1.33  0.01 2.87 0.12 0.87 0.14
ALS 8107               4.599 0.003 0.93 0.01  0.39 0.11  0.58 0.03  3.83 0.13 0.29 0.02 5.97 0.07 2.00 0.04 1.32  0.00 3.10      1.11
BD+44 1080             4.614 0.007 1.26 0.05 -0.10 0.09  0.81 0.02  3.61 0.28 0.45 0.03 5.86 0.06           1.42  0.01 2.35 0.05 0.79 0.08
HD33411                4.567 0.008 0.81 0.03  0.49 0.42  0.57 0.11  2.93 0.18 0.94 0.22 7.15 0.13 2.25 0.15 1.33 -0.00 2.90 0.19 0.97 0.29
HD34078                4.584 0.006 1.08 0.03  0.78 0.24  0.52 0.04  4.18 0.30 0.44 0.02 6.25 0.06 1.97 0.07 1.30 -0.00 3.23 0.12 1.20
HD34333                4.590 0.003 0.83 0.01  0.90 0.19  0.69 0.05  2.63 0.12 0.40 0.06 7.11 0.10 2.50 0.10 1.34 -0.00 3.04 0.15 0.99 0.20
HD36982 (NGC 1977)     4.588 0.006 0.87 0.02  1.80 0.51 -0.08 0.11  2.33 0.18 0.22 0.02 5.51 0.31 1.59 0.11 1.28  0.00 5.60 0.25 2.82 0.27
HD294264 (NGC 1977)    4.582 0.007 1.07 0.04  1.79 0.18  0.01 0.04  2.32 0.18 0.12 0.01 5.23 0.19 1.70 0.06 1.29  0.01 5.48 0.17 2.74 0.20
NGC 1977 #885          4.582 0.006 1.03 0.02  1.28 0.08  0.18 0.02  2.20 0.11 0.20 0.01 5.88 0.09 1.96 0.05 1.34  0.02 5.22 0.09 2.53 0.11
NGC 1977 #1018         4.570 0.011 1.25 0.05  0.41 0.19  0.46 0.03  4.58 0.37 0.48 0.03 6.35 0.05 2.05 0.06 1.33  0.03 5.50      2.62
HD37020 (NGC 1977)     4.567 0.018 0.87 0.07  2.84 0.47 -0.17 0.09  0.72 0.16 0.10 0.01 5.00 0.34 1.52 0.10 1.24  0.00 5.77 0.21 2.79
HD37022 (NGC 1977)     4.585 0.005 0.99 0.03  1.84 0.26 -0.04 0.06  1.79 0.17 0.18 0.08 5.99 0.49 1.58 0.09 1.24  0.01 6.42 0.30 3.14 0.31
HD37061 (NGC 1977)     4.584 0.003 0.87 0.02  2.15 0.19  0.10 0.03  1.38 0.06 0.16 0.04 6.98 0.28 2.03 0.07 1.30  0.01 4.55 0.13 1.95 0.17
HD37130 (NGC 1977)     4.729 0.077 1.26 0.43  2.23 0.58 -0.02 0.09  1.76 1.17 0.20 0.05 5.10 0.28 1.90 0.19 1.31  0.01 5.50      2.62
HD37367                4.599 0.003 0.84 0.01  1.47 0.33  0.47 0.06  3.43 0.14 0.28 0.03 6.25 0.22 2.28 0.10 1.33 -0.00 3.34 0.15 1.31 0.27
HD294304               4.554 0.008 1.19 0.05 -0.70 0.23  0.94 0.05  4.40 0.37 0.40 0.04 6.03 0.08 2.24 0.10 1.34  0.01 2.92 0.12 0.88 0.18
HD37903                4.619 0.003 0.92 0.02  1.42 0.29  0.35 0.06  2.21 0.13 0.51 0.02 6.36 0.07 2.00 0.10 1.30  0.00 3.95 0.21 1.59 0.26
HD38023                4.575 0.010 1.37 0.05  0.15 0.18  0.69 0.04  4.20 0.35 0.38 0.02 6.06 0.07 2.24 0.07 1.36 -0.00 3.16 0.14 1.28 0.19
HD38051                4.576 0.005 0.93 0.02  0.11 0.16  0.81 0.04  3.22 0.13 0.33 0.01 5.91 0.05 2.27 0.07 1.34  0.01 2.93 0.09 0.95 0.13
HD38087                4.564 0.004 0.91 0.02  2.66 0.26  0.07 0.05  2.95 0.16 0.34 0.02 5.95 0.10 2.11 0.10 1.33 -0.01 5.80 0.26 3.26 0.27
HD38131                4.590 0.002 0.87 0.01 -0.26 0.20  0.82 0.04  3.03 0.09 0.41 0.03 6.55 0.09 1.92 0.07 1.30 -0.00 2.81 0.11 0.90 0.14
HD248893               4.572 0.007 0.89 0.03 -0.55 0.15  0.89 0.03  2.48 0.15 0.32 0.04 6.28 0.11 1.90 0.04 1.31  0.00 3.14 0.07 1.16 0.10
HD40893                4.587 0.002 0.82 0.01 -0.46 0.23  0.88 0.05  2.35 0.08 0.35 0.03 6.78 0.09 1.89 0.07 1.30 -0.01 2.71 0.13 0.92 0.17
HD251204               4.617 0.002 0.82 0.01  0.04 0.14  0.73 0.03  2.42 0.07 0.15 0.01 5.00 0.12 1.85 0.04 1.32 -0.00 3.07 0.07 1.25 0.10
HD41690                4.608 0.004 0.84 0.02 -0.29 0.31  0.94 0.07  2.45 0.15 0.31 0.03 5.50 0.20 2.07 0.08 1.30  0.00 2.99 0.14 0.89 0.19
HD252325               4.583 0.004 0.83 0.02  0.87 0.16  0.43 0.03  2.23 0.09 0.28 0.02 6.03 0.09 1.87 0.05 1.31  0.01 3.63 0.06 1.46 0.09
HD46056 (NGC 2244)     4.606 0.003 0.88 0.01 -0.75 0.17  0.89 0.04  2.87 0.12 0.38 0.05 6.24 0.13 1.92 0.06 1.31 -0.01 2.86 0.11 1.02 0.16
HD46106 (NGC 2244)     4.589 0.002 0.86 0.01  0.32 0.17  0.68 0.04  2.97 0.10 0.28 0.01 6.09 0.08 2.01 0.07 1.31 -0.01 2.92 0.12 1.04 0.17
NGC 2244 #11           4.593 0.004 0.80 0.02 -0.08 0.31  0.76 0.06  2.52 0.14 0.34 0.03 6.33 0.12 1.83 0.07 1.31 -0.01 2.82 0.14 1.08 0.21
NGC 2244 #14           4.606 0.004 0.83 0.02  0.42 0.32  0.72 0.07  2.58 0.13 0.24 0.03 5.72 0.17 2.15 0.12 1.33 -0.00 2.94 0.12 1.01
NGC 2244 #23           4.589 0.007 0.88 0.04  0.09 0.33  0.80 0.07  2.98 0.21 0.32 0.03 5.86 0.12 2.11 0.09 1.34 -0.01 3.01 0.11 1.20 0.17
HD259105 (NGC 2244)    4.609 0.005 0.89 0.02  0.26 0.36  0.69 0.07  3.11 0.15 0.19 0.02 5.56 0.25 2.12 0.06 1.33 -0.01 3.02 0.11 1.22 0.18
HD46149 (NGC 2244)     4.596 0.004 0.90 0.02  0.03 0.18  0.71 0.04  3.25 0.14 0.50 0.07 6.36 0.13 1.83 0.06 1.29 -0.01 2.81 0.11 0.96 0.16
HD46202 (NGC 2244)     4.592 0.006 0.89 0.03 -0.18 0.29  0.81 0.06  3.10 0.22 0.35 0.03 5.97 0.11 1.98 0.07 1.31 -0.01 3.12 0.11 1.26 0.18
HD46485 (NGC 2244)     4.592 0.004 0.92 0.02 -0.22 0.14  0.76 0.03  3.45 0.13 0.29 0.02 5.97 0.13 1.87 0.04 1.31 -0.00 3.00 0.10 1.18 0.13
HD46711 (NGC 2244)     4.618 0.007 1.16 0.05 -0.08 0.10  0.78 0.02  4.92 0.36 0.22 0.02 5.11 0.16 2.18 0.04 1.37  0.02 3.20 0.05 1.28 0.07
HD47088 (NGC 2244)     4.582 0.008 0.82 0.03 -0.38 0.37  0.80 0.08  2.58 0.22 0.30 0.12 6.83 0.36 1.94 0.12 1.30 -0.01 3.00      1.05
HD47107 (NGC 2244)     4.563 0.007 0.84 0.03 -0.51 0.35  0.97 0.09  2.88 0.25 0.32 0.17 7.11 0.44 2.42 0.16 1.34 -0.01 3.00      1.05
HD47382 (NGC 2244)     4.580 0.005 0.85 0.02 -0.88 0.20  0.92 0.04  2.81 0.15 0.37 0.10 7.01 0.17 1.87 0.09 1.30 -0.01 3.12 0.13 1.22 0.19
HD47417 (NGC 2244)     4.558 0.010 0.95 0.05 -1.37 0.36  1.09 0.08  2.82 0.28 0.47 0.12 6.67 0.18 1.90 0.12 1.29 -0.01 3.01 0.20 0.98 0.27
NGC 2264 #67           4.642 0.005 1.07 0.03  1.85 0.10  0.21 0.02  1.61 0.10 0.33 0.01 5.63 0.05 1.88 0.04 1.32  0.01 5.49 0.09 2.84 0.10
HD46660                4.565 0.004 0.95 0.02 -0.59 0.18  0.79 0.04  3.75 0.15 0.36 0.02 6.26 0.07           1.34 -0.00 2.95 0.08 1.15 0.11
HD46883                4.659 0.004 1.01 0.02  0.19 0.25  0.77 0.05  3.47 0.16 0.27 0.02 5.50 0.15 1.96 0.06 1.32 -0.00 3.06 0.09 1.19 0.14
HD48099                4.598 0.004 0.90 0.01 -0.36 0.35  0.82 0.07  3.60 0.23 0.30 0.03 6.02 0.19 1.84 0.11 1.29 -0.01 3.10 0.21 1.21 0.24
HD292167               4.583 0.005 0.87 0.03 -0.74 0.11  0.92 0.03  2.48 0.15 0.33 0.06 6.27 0.12 1.83 0.04 1.31  0.00 3.18 0.08 1.26 0.08
HD52266                4.611 0.006 0.93 0.03 -0.42 0.46  0.86 0.09  3.35 0.34 0.41 0.10 6.89 0.25 1.91 0.11 1.28 -0.01 3.30 0.21 1.17 0.24
HD53974                4.579 0.003 0.84 0.01 -0.83 0.19  0.99 0.04  2.36 0.06 0.50 0.06 7.49 0.09 1.79 0.09 1.29 -0.01 3.04 0.14 1.22 0.24
HD54306                4.584 0.006 0.84 0.02  0.89 0.58  0.54 0.12  2.83 0.14 0.13 0.03 5.00 0.41 2.02 0.14 1.31 -0.01 2.73 0.26 0.99 0.46
HD54439                4.601 0.004 0.86 0.02 -0.02 0.40  0.80 0.08  2.67 0.18 0.39 0.11 7.09 0.32 2.06 0.12 1.29 -0.00 2.57 0.17 0.58 0.26
HD62542                4.806 0.024 2.24 0.15 -0.80 0.28  0.87 0.07 10.95 1.97 0.60 0.02 5.00 0.09 2.28 0.10 1.34  0.00 2.74 0.14 0.79 0.21
CD-28 5205 (Ru 44)     4.618 0.005 0.87 0.02 -0.41 0.15  0.88 0.03  2.82 0.13 0.30 0.03 6.00 0.09 1.87 0.05 1.29  0.00 3.12 0.11 1.07 0.17
ALS 908 (Ru 44)        4.608 0.005 0.92 0.02  0.13 0.12  0.70 0.03  2.92 0.13 0.27 0.02 5.82 0.08 1.82 0.05 1.31 -0.00 2.95 0.08 1.14 0.13
HD68633                4.606 0.004 1.04 0.02 -0.33 0.20  0.75 0.05  2.83 0.15 0.40 0.02 6.38 0.07 2.17 0.08 1.32  0.01 3.64 0.13 1.26 0.16
CD-42 4120             4.552 0.005 0.90 0.02  0.10 0.13  0.67 0.03  2.85 0.12 0.28 0.05 6.72 0.11 1.84 0.04 1.31  0.00 3.09 0.07 1.17 0.10
HD70614                4.572 0.005 1.04 0.02  0.35 0.15  0.62 0.04  4.38 0.19 0.34 0.04 6.46 0.11 2.10 0.05 1.34  0.01 3.14 0.08 1.16 0.12
HD72648                4.554 0.007 0.96 0.03  0.93 0.34  0.49 0.07  4.11 0.24 0.50 0.04 6.53 0.09 2.25 0.10 1.32  0.00 3.56 0.17 1.29 0.24
HD73882                4.609 0.003 1.12 0.02  0.01 0.09  0.76 0.02  2.71 0.10 0.47 0.02 6.22 0.05 2.15 0.04 1.33  0.01 3.45 0.08 1.28 0.09
HD75309                4.611 0.005 0.94 0.03 -0.93 0.32  1.01 0.07  3.15 0.21 0.40 0.14 7.24 0.26 2.01 0.11 1.29 -0.01 3.39 0.20 1.24 0.32
CD-42 4819             4.575 0.005 1.06 0.03 -0.50 0.15  0.91 0.03  3.59 0.18 0.39 0.03 6.19 0.06 2.03 0.07 1.33  0.00 2.95 0.10 1.06 0.14
HD91651                4.640 0.008 1.03 0.05 -1.10 0.32  0.99 0.07  2.69 0.26 0.32 0.10 7.01 0.29 1.86 0.10 1.27 -0.00 3.49 0.22 1.23 0.32
HD91824 (NGC 3293)     4.647 0.009 0.91 0.06  0.23 0.55  0.63 0.11  2.43 0.31 0.29 0.08 5.95 0.41 1.76 0.11 1.27 -0.01 3.08 0.21 1.10
HD91983 (NGC 3293)     4.604 0.007 0.92 0.05 -0.28 0.50  0.84 0.09  2.55 0.21 0.32 0.06 6.28 0.25           1.32 -0.01 3.20      1.18
HD92044 (NGC 3293)     4.619 0.009 1.17 0.06 -1.06 0.35  1.00 0.06  3.57 0.36 0.34 0.04 6.39 0.13 2.04 0.07 1.32 -0.01 3.30 0.13 1.42 0.20
HD303067 (NGC 3293)    4.569 0.009 0.91 0.06 -0.20 0.49  0.78 0.09  2.19 0.27 0.08 0.08 6.84 0.89 2.01 0.11 1.32 -0.01 3.47 0.17 1.54 0.27
HD303068 (NGC 3293)    4.621 0.009 0.84 0.06 -0.05 0.56  0.74 0.10  1.67 0.22 0.41 0.15 7.15 0.50 1.76 0.14 1.28 -0.01 3.25 0.25 1.21 0.35
CPD-57 3506 (NGC 3293) 4.673 0.012 1.09 0.07 -0.80 0.47  1.00 0.09  3.16 0.37 0.23 0.04 5.97 0.22 2.01 0.11 1.30 -0.00 3.31 0.19 1.22 0.25
CPD-57 3507 (NGC 3293) 4.613 0.010 0.80 0.04 -0.32 0.74  0.80 0.13  1.86 0.20 0.06 0.06 5.00 0.77 1.84 0.16 1.28 -0.01 2.96 0.29 0.92 0.46
CPD-57 3521 (NGC 3293) 4.644 0.007 0.86 0.04 -0.51 0.47  0.89 0.08  2.15 0.19 0.24 0.04 6.02 0.27 1.79 0.12 1.28 -0.00 3.25 0.21 1.14 0.29
CPD-57 3523 (NGC 3293) 4.648 0.011 1.02 0.06 -1.21 0.43  1.02 0.08  2.82 0.36 0.02 0.03 5.35 0.79 1.87 0.11 1.29 -0.01 3.35 0.22 1.27
CPD-57 3528 (NGC 3293) 4.627 0.014 1.05 0.08 -0.76 0.53  0.88 0.11  2.59 0.42 0.21 0.04 5.64 0.31 2.04 0.13 1.30  0.00 3.01 0.19 0.79 0.26
CPD-57 3527 (NGC 3293) 4.587 0.007 0.89 0.04 -0.47 0.44  0.87 0.09  2.44 0.22 0.16 0.03 5.68 0.39 2.13 0.11 1.32 -0.01 3.03 0.18 1.11 0.28
NGC 3293 #65           4.608 0.011 1.01 0.06 -0.48 0.53  0.83 0.11  2.69 0.29 0.16 0.03 5.00 0.28 2.01 0.12 1.31 -0.01 3.12 0.22 1.20 0.34
NGC 3293 #86           4.601 0.008 1.04 0.05 -0.27 0.42  0.86 0.08  3.13 0.32 0.16 0.02 5.26 0.28 2.08 0.09 1.30  0.00 2.96 0.15 0.83 0.28
HD93028 (Cr 228)       4.619 0.012 0.76 0.06  0.22 0.54  0.66 0.11  1.47 0.24 0.40 0.16 6.68 0.42 1.82 0.16 1.28 -0.01 3.05 0.23 1.08
HD93222 (Cr 228)       4.578 0.004 0.79 0.02  0.68 0.32  0.50 0.08  1.94 0.10 0.25 0.04 5.76 0.34 1.72 0.08 1.26 -0.00 5.05 0.20 2.37 0.23
Tr 14 #6               4.603 0.006 0.96 0.03  0.30 0.32  0.53 0.06  2.60 0.15 0.12 0.01 5.00 0.23 2.03 0.07 1.30  0.01 4.70 0.13 2.06 0.15
Tr 14 #20              4.595 0.006 0.90 0.03 -0.21 0.23  0.75 0.05  1.97 0.14 0.24 0.04 6.19 0.21 1.82 0.06 1.29  0.01 3.66 0.10 1.41 0.13
Tr 14 #21              4.577 0.006 0.96 0.03  0.08 0.24  0.57 0.04  2.54 0.16 0.20 0.02 6.00 0.14 1.92 0.06 1.29  0.02 4.36 0.11 1.77 0.13
Tr 14 #27              4.603 0.005 0.89 0.02  0.56 0.27  0.57 0.05  2.04 0.11 0.10 0.01 5.00 0.24 1.99 0.06 1.32  0.00 4.27 0.12 2.00 0.17
CPD-59 2574 (Tr 16)    4.602 0.007 0.91 0.03 -0.11 0.27  0.82 0.07  2.49 0.18 0.33 0.02 5.15 0.14 2.20 0.08 1.32  0.00 3.70      1.49
CPD-59 2581 (Tr 16)    4.599 0.007 1.07 0.04 -0.68 0.17  0.71 0.04  2.53 0.17 0.22 0.01 5.71 0.09 1.63 0.05 1.27  0.01 3.52 0.12 1.19 0.16
CPD-59 2583 (Tr 16)    4.570 0.005 0.88 0.03  0.08 0.21  0.63 0.05  2.00 0.11 0.23 0.03 6.62 0.14 1.84 0.08 1.30 -0.00 2.92 0.13 1.00
CPD-59 2591 (Tr 16)    4.593 0.004 0.92 0.02  0.72 0.12  0.41 0.02  2.15 0.08 0.39 0.04 6.91 0.08 1.91 0.04 1.31  0.01 3.70      1.49
CPD-59 2595 (Tr 16)    4.597 0.006 0.94 0.02  0.42 0.31  0.61 0.07  3.91 0.24 0.17 0.02 5.00 0.22 2.15 0.12 1.32 -0.00 3.70      1.49
CPD-59 2596 (Tr 16)    4.582 0.005 0.87 0.02  0.20 0.12  0.55 0.02  1.97 0.09 0.46 0.06 7.02 0.07 1.90 0.04 1.32  0.00 3.53 0.09 1.44 0.13
CPD-59 2600 (Tr 16)    4.609 0.003 0.94 0.03  0.11 0.22  0.64 0.04  2.38 0.12 0.55 0.19 7.31 0.37 1.86 0.06 1.28  0.01 4.01 0.14 1.61 0.18
CPD-59 2622 (Tr 16)    4.586 0.005 0.86 0.02 -0.71 0.21  0.80 0.04  2.31 0.12 0.31 0.04 6.60 0.12 1.74 0.07 1.28 -0.00 3.70      1.49
CPD-59 2625 (Tr 16)    4.578 0.009 0.87 0.04  0.16 0.23  0.62 0.07  2.12 0.15 0.29 0.05 6.37 0.16 1.83 0.11 1.27  0.01 4.38 0.15 1.70 0.20
CPD-59 2640 (Tr 16)    4.577 0.004 0.89 0.02 -0.35 0.20  0.76 0.05  2.86 0.14 0.36 0.03 6.21 0.09 1.92 0.08 1.30 -0.00 3.70      1.49
Tr 16 #33              4.569 0.006 0.85 0.02  1.00 0.18  0.59 0.04  2.01 0.11 0.27 0.02 6.04 0.11 2.01 0.06 1.31  0.00 3.70      1.49
Tr 16 #14              4.578 0.005 0.90 0.02  0.41 0.12  0.47 0.03  1.56 0.07 0.22 0.02 6.61 0.12 1.59 0.04 1.31 -0.01 3.09 0.08 1.37 0.12
Tr 16 #73              4.587 0.005 0.97 0.03  0.21 0.11  0.55 0.03  2.52 0.14 0.27 0.03 6.31 0.08 1.96 0.06 1.33  0.00 3.98 0.14 1.85 0.25
Tr 16 #74              4.561 0.006 0.91 0.03 -0.31 0.16  0.70 0.03  2.25 0.15 0.33 0.05 6.69 0.11 1.94 0.06 1.29  0.01 3.81 0.18 1.34 0.23
Tr 16 #76              4.575 0.004 0.92 0.02  0.11 0.11  0.64 0.03  2.28 0.08 0.27 0.02 5.97 0.07 1.86 0.05 1.31  0.01 3.74 0.09 1.53 0.11
HD97848                4.594 0.004 0.81 0.02 -0.66 0.30  0.87 0.07  2.18 0.17 0.34 0.06 6.52 0.18 1.85 0.12 1.28 -0.01 3.48 0.25 1.33 0.35
HD99264                4.593 0.004 0.82 0.02  1.06 0.27  0.47 0.06  3.02 0.16 0.81 0.13 7.16 0.12 2.22 0.11 1.33 -0.01 3.15 0.19 1.18 0.29
HD99872                4.581 0.004 1.00 0.02  1.28 0.39  0.21 0.12  4.51 0.30 0.21 0.02 5.11 0.23 1.82 0.14 1.31 -0.01 2.97 0.18 1.15 0.20
HD101008               4.603 0.005 1.03 0.03 -0.43 0.37  0.62 0.08  3.65 0.24 0.56 0.08 6.76 0.15 1.90 0.06 1.30 -0.01 3.43 0.18 1.34 0.24
HD104705               4.588 0.003 0.80 0.01 -0.08 0.25  0.70 0.06  2.15 0.13 0.56 0.07 6.88 0.09 2.02 0.13 1.27  0.01 4.34 0.20 1.61 0.22
HD108927               4.600 0.007 1.00 0.04  0.72 0.29  0.38 0.07  3.70 0.28 0.62 0.03 6.19 0.06 1.75 0.18 1.30 -0.00 3.10      1.11
HD110336               4.604 0.007 1.30 0.04 -0.07 0.18  0.70 0.04  5.05 0.35 0.64 0.03 5.96 0.04 2.15 0.11 1.35  0.01 2.69 0.13 0.77 0.18
HD110715               4.568 0.009 1.05 0.05 -0.01 0.36  0.75 0.07  3.52 0.35 0.58 0.04 5.77 0.07 2.28 0.10 1.37  0.01 2.92 0.13 0.94 0.18
HD110863               4.602 0.004 0.88 0.02  0.14 0.15  0.69 0.04  2.74 0.12 0.23 0.02 5.94 0.10 2.00 0.05 1.34 -0.01 2.97 0.09 1.25 0.12
HD110946               4.603 0.004 1.05 0.02 -0.10 0.17  0.93 0.04  3.48 0.20 0.35 0.02 5.76 0.07 2.03 0.08 1.30  0.00 3.20 0.12 1.08 0.18
CPD-59 4528 (NGC 4755) 4.587 0.003 0.85 0.01  0.48 0.26  0.60 0.06  3.18 0.15 0.14 0.01 5.00 0.20 2.01 0.07 1.30  0.00 3.09 0.15 0.99 0.20
CPD-59 4532 (NGC 4755) 4.599 0.003 0.81 0.01  0.27 0.16  0.67 0.04  2.69 0.10 0.24 0.02 6.22 0.12 2.10 0.08 1.32 -0.00 2.96 0.13 1.00 0.17
CPD-59 4537 (NGC 4755) 4.591 0.004 0.87 0.02  0.52 0.25  0.58 0.06  3.15 0.15 0.20 0.02 5.58 0.21 1.88 0.07 1.30  0.00 2.89 0.13 0.89 0.21
CPD-59 4541 (NGC 4755) 4.587 0.003 0.86 0.01  0.49 0.16  0.58 0.05  3.23 0.11 0.22 0.02 5.79 0.15 2.08 0.08 1.32 -0.00 3.10      1.11
CPD-59 4549 (NGC 4755) 4.594 0.003 0.82 0.01  0.89 0.21  0.57 0.05  3.05 0.13 0.19 0.02 5.64 0.18 2.07 0.08 1.32 -0.01 3.23 0.16 1.39 0.28
CPD-59 4550 (NGC 4755) 4.609 0.004 0.90 0.02  0.69 0.24  0.54 0.06  3.39 0.15 0.22 0.01 5.15 0.17 1.99 0.07 1.30  0.00 3.07 0.10 0.97 0.14
CPD-59 4552 (NGC 4755) 4.605 0.002 0.84 0.01 -0.34 0.22  0.81 0.05  3.04 0.13 0.25 0.02 6.38 0.13 1.99 0.08 1.30 -0.00 3.24 0.17 1.17 0.21
CPD-59 4563 (NGC 4755) 4.590 0.004 0.90 0.02  0.13 0.24  0.67 0.05  3.12 0.14 0.23 0.02 6.06 0.17 2.16 0.11 1.33 -0.00 2.94 0.14 1.01
CPD-59 4564 (NGC 4755) 4.604 0.003 0.88 0.01  0.19 0.28  0.68 0.06  3.32 0.15 0.13 0.01 5.03 0.22 2.12 0.09 1.31 -0.00 3.11 0.16 1.09 0.26
NGC 4755 #105          4.578 0.004 0.77 0.01  0.44 0.24  0.64 0.05  2.57 0.10 0.24 0.03 6.13 0.15 1.95 0.08 1.31 -0.01 3.11 0.20 1.28 0.30
HD312084 (NGC 4755)    4.604 0.004 0.82 0.02 -0.60 0.23  0.80 0.05  2.55 0.11 0.26 0.03 6.38 0.17 1.95 0.09 1.31 -0.00 3.05 0.13 1.05 0.18
HD112607               4.549 0.007 1.06 0.06 -0.28 0.54  0.81 0.14  3.98 0.52 0.53 0.04 5.91 0.11 2.08 0.16 1.33 -0.00 2.73 0.20 0.87 0.29
HD112784               4.591 0.003 0.84 0.01 -0.09 0.30  0.72 0.07  2.67 0.15 0.49 0.07 6.77 0.13 1.90 0.09 1.29 -0.01 2.96 0.16 0.99 0.22
HD112954               4.565 0.010 1.01 0.05 -0.72 0.30  1.06 0.07  2.58 0.25 0.70 0.05 5.94 0.06 2.44 0.13 1.38  0.02 3.07 0.13 0.97 0.13
HD113012               4.591 0.003 0.86 0.02 -0.12 0.22  0.77 0.05  2.44 0.11 0.48 0.06 6.93 0.10 1.93 0.08 1.30 -0.01 3.09 0.14 1.11 0.18
HD123335               4.553 0.004 0.87 0.02  0.03 0.53  0.77 0.09  3.14 0.21 0.81 0.15 7.04 0.20 2.05 0.17 1.30 -0.00 3.30 0.25 1.14 0.28
HD143054               4.573 0.006 0.93 0.04  0.83 0.20  0.47 0.05  3.49 0.22 0.40 0.02 6.13 0.06 2.07 0.06 1.34  0.00 2.80 0.08 0.98 0.13
HD144470               4.558 0.004 0.84 0.02  0.54 0.28  0.56 0.06  2.73 0.19 0.47 0.10 7.36 0.18 1.95 0.13 1.30 -0.01 3.71 0.30 1.59 0.38
HD145554               4.572 0.008 0.90 0.04  0.97 0.36  0.33 0.13  3.21 0.33 0.73 0.17 6.77 0.12 1.77 0.33 1.30  0.00 3.65 0.43 1.39 0.43
HD146284               4.561 0.006 0.94 0.03  1.23 0.25  0.36 0.06  3.27 0.22 0.46 0.04 6.22 0.08 1.86 0.15 1.31 -0.00 3.10      1.11
HD146285               4.563 0.005 0.84 0.02  2.06 0.26  0.06 0.05  2.83 0.15 0.45 0.05 6.33 0.11 1.79 0.11 1.32 -0.00 3.83 0.18 1.78 0.21
HD147165               4.575 0.005 0.89 0.02  1.87 0.20  0.21 0.04  2.56 0.14 0.41 0.07 7.50 0.11 2.11 0.07 1.31 -0.00 3.60 0.14 1.41 0.20
HD147196               4.576 0.005 1.06 0.03  0.77 0.21  0.52 0.06  3.85 0.29 0.74 0.06 6.35 0.05 2.13 0.15 1.34 -0.00 3.10      1.11
HD147701               4.624 0.003 1.18 0.03  0.69 0.21  0.38 0.06  3.83 0.19 0.58 0.02 5.97 0.04 1.76 0.06 1.32  0.01 4.03 0.09 1.80 0.10
HD147889               4.618 0.002 1.02 0.02  1.73 0.13  0.13 0.02  4.23 0.11 0.52 0.01 5.87 0.02 1.83 0.03 1.33  0.02 4.19 0.07 1.93 0.08
HD147888               4.585 0.003 0.89 0.02  1.83 0.25  0.22 0.05  2.50 0.11 0.35 0.03 6.55 0.14 2.15 0.07 1.33  0.01 4.08 0.13 1.74 0.16
HD147933               4.572 0.003 0.96 0.02  1.69 0.20  0.15 0.04  3.16 0.12 0.27 0.01 6.06 0.09 1.90 0.07 1.29  0.01 4.41 0.15 1.89 0.20
HD148579               4.550 0.003 0.95 0.02  1.52 0.18  0.24 0.04  2.77 0.15 0.38 0.02 6.05 0.07 1.99 0.12 1.33  0.01 4.01 0.19 1.72 0.19
HD148594               4.534 0.011 0.91 0.05  0.97 0.43  0.26 0.13  2.93 0.33 0.38 0.11 6.47 0.30 1.71 0.22 1.30 -0.00 3.10      1.11
HD149452               4.575 0.002 0.87 0.01  0.59 0.11  0.56 0.02  2.88 0.07 0.42 0.04 6.67 0.07 2.02 0.04 1.33  0.01 3.24 0.07 1.18 0.11
HD149757               4.598 0.004 1.18 0.03 -0.29 0.34  0.83 0.08  4.34 0.34 0.60 0.04 6.38 0.07 1.92 0.10 1.31 -0.02 3.08 0.19 1.37 0.29
HD151346               4.546 0.003 1.14 0.02  0.91 0.18  0.64 0.04  4.19 0.20 0.85 0.03 6.19 0.03 2.36 0.08 1.35  0.01 3.81 0.10 1.49 0.11
HD326309 (NGC 6231)    4.581 0.006 0.88 0.03  0.44 0.26  0.63 0.05  2.54 0.16 0.38 0.03 6.15 0.08 2.01 0.08 1.33 -0.01 3.07 0.12 1.22 0.18
HD326328 (NGC 6231)    4.595 0.005 0.89 0.02 -0.05 0.21  0.76 0.04  2.53 0.14 0.29 0.03 6.47 0.13 1.99 0.08 1.33 -0.01 3.50 0.13 1.65 0.19
HD326329 (NGC 6231)    4.603 0.006 0.90 0.03 -0.06 0.28  0.78 0.05  2.64 0.18 0.45 0.06 6.68 0.13 2.06 0.07 1.31 -0.00 3.10      1.11
HD326330 (NGC 6231)    4.581 0.008 0.96 0.05  0.23 0.36  0.68 0.06  3.07 0.29 0.30 0.03 6.26 0.13 2.00 0.08 1.31 -0.00 3.23 0.15 1.20 0.18
HD326332 (NGC 6231)    4.572 0.004 0.90 0.03 -0.16 0.32  0.77 0.05  2.99 0.18 0.31 0.04 6.38 0.15 2.03 0.06 1.31 -0.00 3.17 0.14 1.14 0.19
HD326333 (NGC 6231)    4.585 0.005 0.86 0.02  0.12 0.18  0.73 0.04  2.73 0.13 0.42 0.05 6.75 0.11 2.09 0.07 1.31  0.00 3.38 0.13 1.26 0.18
HD326364 (NGC 6231)    4.590 0.003 0.88 0.02  0.14 0.19  0.65 0.03  2.62 0.09 0.37 0.02 6.28 0.07 1.87 0.05 1.31 -0.00 2.91 0.09 1.06 0.14
CPD-41 7711 (NGC 6231) 4.612 0.004 1.00 0.03 -0.50 0.39  0.91 0.07  3.43 0.22 0.24 0.04 6.32 0.23 2.17 0.08 1.34 -0.01 3.50 0.15 1.58 0.23
CPD-41 7715 (NGC 6231) 4.587 0.006 1.01 0.03 -1.02 0.23  0.87 0.05  4.04 0.25 0.30 0.04 6.52 0.14 2.29 0.10 1.32  0.01 4.86 0.18 2.09 0.24
CPD-41 7719 (NGC 6231) 4.597 0.004 0.85 0.02  0.15 0.40  0.78 0.07  2.44 0.12 0.31 0.03 6.06 0.18 2.14 0.09 1.32 -0.00 3.36 0.17 1.30 0.21
CPD-41 7724 (NGC 6231) 4.588 0.005 0.81 0.02  0.19 0.40  0.79 0.07  2.43 0.13 0.19 0.03 5.88 0.33 2.16 0.08 1.32 -0.00 3.49 0.17 1.37 0.21
CPD-41 7727 (NGC 6231) 4.594 0.003 0.87 0.02 -0.07 0.22  0.77 0.05  2.79 0.13 0.34 0.02 6.28 0.09 1.94 0.08 1.30 -0.00 3.29 0.15 1.26 0.19
CPD-41 7730 (NGC 6231) 4.590 0.005 0.92 0.03 -0.39 0.34  0.92 0.07  3.05 0.18 0.26 0.03 6.16 0.17 2.26 0.09 1.33  0.00 3.31 0.16 1.19 0.23
CPD-41 7733 (NGC 6231) 4.569 0.006 0.84 0.03 -0.19 0.27  0.78 0.05  2.53 0.19 0.34 0.08 6.68 0.21 1.97 0.08 1.30 -0.00 3.10      1.11
CPD-41 7736 (NGC 6231) 4.586 0.005 0.87 0.02 -0.06 0.23  0.79 0.05  2.78 0.15 0.32 0.03 6.17 0.09 2.04 0.07 1.33 -0.01 3.22 0.16 1.36 0.22
CPD-41 7743 (NGC 6231) 4.579 0.003 0.80 0.01  0.52 0.22  0.62 0.04  2.54 0.10 0.31 0.03 6.18 0.10 1.97 0.07 1.29  0.01 3.15 0.14 0.92 0.18
NGC 6231 Br1017        4.605 0.005 0.85 0.02 -0.09 0.18  0.80 0.04  2.09 0.10 0.24 0.02 5.87 0.12 2.10 0.08 1.33 -0.00 3.14 0.14 1.17 0.19
HD152560 (NGC 6231)    4.589 0.006 0.82 0.03  0.62 0.23  0.60 0.04  1.79 0.13 0.60 0.08 7.00 0.10 1.90 0.08 1.29 -0.00 3.25 0.16 1.13 0.18
HD154445               4.569 0.002 0.97 0.01  1.27 0.29  0.35 0.05  4.22 0.13 0.42 0.03 6.23 0.10 2.02 0.09 1.32 -0.01 2.93 0.15 1.09 0.21
HD156247               4.580 0.009 0.89 0.04  0.79 0.49  0.41 0.21  3.02 0.36 0.48 0.07 6.42 0.16 2.06 0.28 1.32 -0.00 2.92 0.34 1.00
HD164073               4.562 0.013 0.89 0.07  0.62 0.35  0.52 0.08  1.36 0.24 0.37 0.19 7.26 0.56 2.00 0.19 1.32 -0.01 5.18 0.35 2.77 0.34
HD164863 (NGC 6531)    4.591 0.008 1.08 0.05 -0.73 0.29  0.72 0.06  4.51 0.45 0.72 0.11 7.50 0.10 2.16 0.13 1.31 -0.00 3.34 0.22 1.15 0.27
HD164740 (NGC 6530)    4.618 0.002 0.94 0.02  1.91 0.12  0.04 0.02  2.07 0.07 0.28 0.02 6.16 0.12 1.75 0.03 1.29  0.02 5.21 0.10 2.44
HD164536 (NGC 6530)    4.568 0.008 0.93 0.05  0.33 0.47  0.62 0.08  2.90 0.32 0.52 0.18 6.91 0.27 1.95 0.13 1.30 -0.01 3.73 0.29 1.73 0.44
NGC 6530 #3            4.579 0.005 0.92 0.03  0.62 0.23  0.56 0.05  2.62 0.21 0.13 0.03 6.03 0.37 2.24 0.12 1.31 -0.00 3.42 0.21 1.15 0.33
HD164816 (NGC 6530)    4.602 0.004 0.78 0.02  1.14 0.39  0.45 0.06  2.07 0.12 0.63 0.09 7.09 0.14 1.99 0.11 1.29 -0.00 3.26 0.18 1.10 0.25
HD315032 (NGC 6530)    4.579 0.003 0.92 0.02 -0.18 0.25  0.69 0.07  3.12 0.15 0.69 0.16 7.24 0.19 1.79 0.14 1.28 -0.01 3.61 0.20 1.43
HD315026 (NGC 6530)    4.590 0.007 0.83 0.03  0.84 0.27  0.51 0.06  2.49 0.17 0.27 0.03 6.30 0.18 1.87 0.10 1.29 -0.00 3.70      1.49
NGC 6530 #49           4.591 0.007 1.07 0.03 -0.44 0.21  0.72 0.05  4.37 0.27 0.46 0.07 6.70 0.11           1.33 -0.01 3.41 0.21 1.43 0.29
HD315023 (NGC 6530)    4.572 0.006 0.86 0.02  0.68 0.17  0.49 0.05  2.55 0.15 0.19 0.02 5.88 0.20 2.03 0.11 1.30  0.00 4.10 0.18 1.66 0.21
NGC 6530 #56           4.569 0.005 0.89 0.02  0.52 0.25  0.56 0.05  2.54 0.14 0.12 0.02 5.89 0.30 2.06 0.09 1.31 -0.00 3.97 0.17 1.69 0.22
HD315033 (NGC 6530)    4.582 0.006 0.89 0.03  0.84 0.21  0.51 0.05  2.36 0.14 0.29 0.05 6.50 0.16 2.20 0.08 1.32 -0.00 4.45 0.19 2.05 0.26
NGC 6530 #61           4.593 0.005 0.87 0.02  0.84 0.17  0.46 0.05  2.59 0.15 0.25 0.02 6.01 0.15 1.94 0.11 1.30  0.00 3.56 0.16 1.31 0.20
HD315031 (NGC 6530)    4.568 0.008 0.90 0.05  0.62 0.36  0.49 0.06  2.74 0.24 0.60 0.13 7.14 0.18 1.93 0.10 1.29  0.00 3.64 0.20 1.35 0.26
HD315024 (NGC 6530)    4.589 0.004 0.83 0.03  0.58 0.23  0.56 0.08  2.56 0.13 0.45 0.05 6.73 0.16 1.82 0.19 1.28 -0.00 3.99 0.27 1.67
NGC 6530 #80           4.566 0.005 0.88 0.03  0.74 0.22  0.55 0.04  2.56 0.16 0.58 0.10 7.11 0.11 2.11 0.08 1.31 -0.00 3.70      1.49
NGC 6530 #83           4.583 0.007 0.85 0.02  0.78 0.24  0.48 0.07  2.48 0.15 0.14 0.02 5.50 0.31 1.79 0.09 1.28 -0.00 4.03 0.19 1.70
HD164933 (NGC 6530)    4.573 0.003 0.83 0.01  0.26 0.24  0.58 0.04  2.40 0.10 0.51 0.08 6.96 0.12 1.93 0.08 1.30 -0.00 3.52 0.18 1.35 0.25
NGC 6530 #86           4.573 0.006 0.96 0.03  0.01 0.20  0.53 0.05  3.00 0.18 0.49 0.11 7.04 0.16 1.71 0.08 1.29 -0.00 3.70      1.49
HD315021 (NGC 6530)    4.569 0.002 0.89 0.01  0.06 0.17  0.59 0.04  2.56 0.10 0.29 0.06 7.11 0.17 1.97 0.10 1.30 -0.00 3.65 0.14 1.46
HD164947 (NGC 6530)    4.575 0.006 0.80 0.02  1.10 0.23  0.50 0.06  2.41 0.14 0.37 0.08 6.71 0.19 2.09 0.10 1.31 -0.00 3.70      1.49
HD315022 (NGC 6530)    4.567 0.007 1.03 0.04  0.63 0.23  0.39 0.06  3.71 0.29 0.12 0.04 5.72 0.42           1.30  0.01 3.39 0.20 1.09 0.26
HD315035 (NGC 6530)    4.573 0.006 0.84 0.02  1.16 0.19  0.39 0.04  2.39 0.12 0.37 0.04 6.54 0.11 1.87 0.09 1.30  0.00 3.97 0.14 1.66
HD165052 (NGC 6530)    4.570 0.003 0.90 0.03  0.41 0.34  0.56 0.05  3.10 0.15 0.66 0.21 7.21 0.29 1.93 0.08 1.28  0.00 3.51 0.17 1.25 0.21
HD167771               4.570 0.003 0.91 0.02 -0.02 0.36  0.67 0.06  3.09 0.15 0.71 0.08 6.76 0.14 1.81 0.08 1.29 -0.01 3.63 0.17 1.55 0.19
BD-13 4920 (NGC 6611)  4.597 0.003 0.84 0.01  0.67 0.11  0.52 0.02  2.73 0.07 0.31 0.02 6.04 0.05 1.88 0.04 1.31  0.01 3.10      1.11
BD-13 4921 (NGC 6611)  4.607 0.006 0.99 0.03  0.79 0.13  0.48 0.03  3.55 0.17 0.25 0.01 5.83 0.07 1.93 0.04 1.31  0.01 3.39 0.08 1.29 0.12
BD-13 4934 (NGC 6611)  4.600 0.003 0.89 0.02  0.74 0.16  0.49 0.03  3.01 0.11 0.30 0.02 6.07 0.07 1.81 0.05 1.29  0.00 3.35 0.10 1.23 0.13
HD170634               4.614 0.005 1.15 0.04 -0.31 0.14  0.74 0.05  4.63 0.29 0.52 0.02 5.79 0.04 2.07 0.12 1.36  0.01 2.97 0.10 1.05 0.12
HD170740               4.595 0.003 0.94 0.01  0.02 0.21  0.82 0.04  2.92 0.10 0.39 0.01 6.08 0.07 2.23 0.09 1.35 -0.01 2.91 0.14 1.17 0.26
HD172028               4.633 0.003 1.00 0.02  0.42 0.18  0.65 0.03  3.07 0.11 0.41 0.02 5.79 0.06 2.18 0.05 1.35  0.01 2.91 0.07 1.02 0.10
HD172140               4.632 0.005 0.77 0.02  0.41 0.24  0.70 0.06  1.65 0.12 0.30 0.07 6.61 0.23 1.94 0.14 1.31 -0.02 2.71 0.26 1.08 0.36
HD175156               4.610 0.007 0.97 0.04 -1.09 0.39  1.25 0.13  2.85 0.22 0.55 0.05 6.12 0.10 2.34 0.14 1.34 -0.00 3.16 0.23 1.15
VCT 30                 4.492 0.024 1.52 0.14 -0.65 0.22  0.82 0.04  3.36 0.80 0.61 0.29 5.96 0.22           1.36  0.02 4.57 0.15 2.09 0.14
VCT 10                 4.693 0.013 1.14 0.07  0.28 0.09  0.91 0.02  1.40 0.17 0.86 0.07 5.98 0.05           1.39  0.02 4.13 0.10 1.78 0.11
BD+02 3771             4.601 0.003 0.87 0.02 -0.63 0.12  0.92 0.02  2.55 0.09 0.21 0.01 5.73 0.07 2.00 0.04 1.34  0.01 2.77 0.06 0.99 0.08
HD177752               4.615 0.005 0.92 0.02 -1.20 0.18  1.19 0.05  3.32 0.12 0.53 0.04 6.32 0.06 2.17 0.07 1.32  0.01 3.20 0.14 1.01 0.21
HD177989               4.622 0.007 0.93 0.04 -2.15 0.38  1.24 0.09  2.40 0.22 0.40 0.17 7.12 0.40 1.73 0.14 1.31 -0.02 2.85 0.27 1.33 0.39
HD179406               4.604 0.007 0.96 0.03  1.04 0.38  0.48 0.09  3.72 0.23 0.36 0.04 5.98 0.12 2.13 0.12 1.35 -0.01 2.88 0.20 1.29 0.24
HD180968               4.641 0.008 1.23 0.06 -1.71 0.50  1.16 0.09  5.24 0.50 0.39 0.17 7.30 0.44 2.02 0.11 1.30 -0.01 2.90 0.18 0.91 0.22
HD185418               4.585 0.002 0.88 0.01  1.13 0.21  0.38 0.04  3.64 0.12 0.34 0.03 6.41 0.11 1.78 0.07 1.29 -0.00 2.48 0.13 0.60 0.20
HD190991               4.581 0.004 0.91 0.03 -2.10 0.18  1.22 0.04  2.43 0.16 0.17 0.09 7.45 0.53 1.93 0.08 1.30 -0.00 3.10      1.11
HD192001               4.583 0.003 0.90 0.02 -1.21 0.14  1.13 0.04  2.86 0.11 0.38 0.05 6.54 0.10 2.07 0.05 1.32 -0.00 2.52 0.09 0.76 0.13
HD228365               4.621 0.004 0.89 0.02 -1.01 0.19  0.96 0.04  2.26 0.11 0.31 0.11 7.28 0.26 1.96 0.07 1.31 -0.00 3.03 0.10 1.03 0.15
BD+37 3862 (IC 4996)   4.574 0.003 0.88 0.02 -0.39 0.10  0.89 0.03  3.53 0.11 0.69 0.07 7.20 0.05 2.17 0.05 1.35 -0.00 3.15 0.08 1.35 0.10
HD228699 (IC 4996)     4.579 0.002 0.90 0.01 -0.33 0.10  0.86 0.02  3.46 0.10 0.40 0.05 6.97 0.08 2.04 0.05 1.33 -0.00 2.68 0.07 0.91 0.11
HD193076 (IC 4996)     4.595 0.003 0.91 0.01 -0.67 0.11  0.98 0.03  3.48 0.12 0.78 0.08 7.50 0.03 2.12 0.06 1.33  0.00 2.86 0.07 0.97 0.12
HD193322               4.595 0.005 0.91 0.02 -0.15 0.21  0.82 0.05  3.04 0.17 0.39 0.06 6.90 0.14 2.08 0.08 1.30 -0.00 2.60 0.15 0.69 0.24
HD193443               4.578 0.004 0.94 0.02 -0.69 0.11  0.95 0.03  3.65 0.15 0.65 0.13 7.39 0.10 2.12 0.05 1.33  0.00 3.10      1.11
HD228969 (Bk 86)       4.576 0.002 0.88 0.01 -0.17 0.06  0.81 0.02  3.73 0.07 0.76 0.19 7.50 0.10 2.13 0.04 1.36  0.01 2.93 0.12 1.14 0.17
HD229196 (NGC 6910)    4.566 0.005 1.05 0.04 -0.05 0.11  0.74 0.02  3.47 0.21 0.16 0.06 6.27 0.23 2.03 0.03 1.35  0.02 3.18 0.05 1.21 0.06
HD229227 (NGC 6913)    4.594 0.003 0.98 0.01 -0.53 0.07  0.96 0.02  3.11 0.08 0.32 0.12 7.15 0.13 2.18 0.04 1.37  0.01 2.74 0.04 0.95 0.06
HD229234 (NGC 6913)    4.580 0.005 1.03 0.03 -0.32 0.08  0.89 0.02  3.38 0.17 0.18 0.05 6.51 0.17 2.16 0.03 1.36  0.01 2.74 0.05 0.95 0.07
HD197512               4.575 0.003 0.97 0.02 -1.00 0.39  1.01 0.08  4.14 0.18 0.50 0.07 6.81 0.18 2.07 0.11 1.31 -0.00 2.43 0.15 0.57 0.22
HD197770               4.599 0.005 1.03 0.02 -0.19 0.14  0.79 0.03  4.07 0.19 0.33 0.01 6.04 0.04 2.02 0.05 1.32  0.00 3.10      1.11
HD197702               4.594 0.005 1.09 0.03 -2.29 0.32  1.16 0.06  5.45 0.35 0.50 0.13 7.29 0.15 1.88 0.07 1.31 -0.00 4.40 0.16 2.16 0.21
BD+35 4258             4.636 0.010 0.81 0.04 -0.52 0.42  0.99 0.10  1.84 0.18 0.33 0.19 7.22 0.50 2.09 0.13 1.33 -0.01 2.90 0.22 1.23 0.31
HD198781               4.611 0.005 1.07 0.03 -2.17 0.31  1.28 0.07  3.39 0.21 0.72 0.11 7.08 0.10 1.91 0.10 1.28 -0.00 2.58 0.15 0.55 0.22
HD199216               4.598 0.003 1.01 0.02 -0.82 0.18  0.98 0.03  3.87 0.13 0.22 0.02 5.93 0.13 1.91 0.06 1.31  0.01 2.64 0.08 0.80 0.12
HD199579               4.594 0.004 0.97 0.03 -0.82 0.23  1.04 0.06  2.63 0.17 0.53 0.08 6.60 0.16 2.07 0.10 1.29 -0.00 3.05 0.17 0.96 0.26
BD+45 3360             4.609 0.005 0.89 0.02 -0.23 0.14  0.91 0.04  2.23 0.12 0.11 0.10 7.03 0.61 2.18 0.08 1.35 -0.01 3.11 0.14 1.41 0.20
HD203938               4.581 0.003 0.91 0.01  0.38 0.16  0.70 0.03  2.98 0.12 0.38 0.04 6.46 0.12 2.15 0.05 1.33  0.01 3.06 0.08 1.03 0.09
HD203532               4.626 0.004 1.09 0.02 -0.48 0.14  0.87 0.05  3.46 0.15 0.59 0.03 6.21 0.05           1.34 -0.01 2.96 0.18 1.09 0.22
HD204827 (Tr 37)       4.630 0.003 1.02 0.02 -1.46 0.11  1.22 0.02  2.88 0.10 0.43 0.03 5.72 0.05 2.19 0.04 1.37  0.01 2.44 0.05 0.74 0.07
HD239683 (Tr 37)       4.635 0.008 0.85 0.04  0.31 0.19  0.77 0.04  2.83 0.21 0.42 0.05 6.12 0.09 2.15 0.08 1.32  0.00 2.58 0.11 0.65 0.14
HD239689 (Tr 37)       4.589 0.004 0.94 0.02 -0.62 0.20  0.91 0.04  3.37 0.16 0.23 0.02 5.84 0.10 2.03 0.07 1.31  0.00 2.43 0.14 0.51 0.19
HD239693 (Tr 37)       4.582 0.007 0.89 0.02  0.20 0.19  0.78 0.06  3.02 0.16 0.23 0.02 5.63 0.15 2.17 0.09 1.32  0.00 2.57 0.12 0.65 0.20
BD+58 2292 (Tr 37)     4.597 0.004 0.92 0.02 -0.19 0.13  0.80 0.03  3.15 0.12 0.30 0.02 5.93 0.06 2.04 0.06 1.33  0.01 2.91 0.08 0.96 0.11
HD205794 (Tr 37)       4.573 0.003 0.89 0.01  0.48 0.14  0.61 0.03  3.47 0.11 0.36 0.02 6.26 0.06 2.00 0.05 1.30  0.01 2.97 0.10 0.89 0.11
HD239710 (Tr 37)       4.623 0.006 0.83 0.03  0.84 0.24  0.60 0.06  2.42 0.15 0.34 0.04 6.12 0.14 2.03 0.11 1.32  0.00 2.88 0.11 0.97 0.14
HD205948 (Tr 37)       4.601 0.004 0.96 0.02  0.40 0.15  0.54 0.03  3.65 0.14 0.29 0.02 6.12 0.07 1.80 0.06 1.29  0.00 2.56 0.11 0.58 0.17
HD239722 (Tr 37)       4.623 0.005 1.02 0.03 -0.23 0.09  0.87 0.03  3.70 0.20 0.30 0.02 5.51 0.09 2.17 0.06 1.36  0.01 2.63 0.08 0.81 0.12
HD239724 (Tr 37)       4.597 0.005 0.91 0.03 -0.40 0.14  0.85 0.03  3.16 0.15 0.22 0.02 5.97 0.08 2.11 0.05 1.33  0.00 3.21 0.08 1.19 0.12
HD239725 (Tr 37)       4.591 0.005 1.02 0.02 -0.46 0.18  0.88 0.05  3.42 0.18 0.23 0.02 5.59 0.13 2.18 0.08 1.34 -0.00 2.93 0.11 1.04 0.17
HD239729 (Tr 37)       4.600 0.003 0.98 0.02 -0.33 0.23  0.82 0.04  2.51 0.09 0.60 0.03 6.35 0.07 2.04 0.06 1.32  0.00 2.96 0.08 1.00 0.12
HD239738 (Tr 37)       4.600 0.007 1.30 0.06 -0.69 0.18  0.92 0.04  5.10 0.47 0.28 0.03 5.73 0.09 2.26 0.08 1.35 -0.00 2.83 0.13 1.00 0.24
HD239742 (Tr 37)       4.585 0.006 1.06 0.03 -0.75 0.21  0.97 0.05  4.07 0.25 0.30 0.03 5.96 0.09 2.19 0.08 1.35 -0.01 2.99 0.14 1.28 0.30
HD239745 (Tr 37)       4.575 0.004 1.00 0.02 -0.13 0.19  0.78 0.04  4.00 0.18 0.17 0.01 5.57 0.15 2.03 0.07 1.31 -0.00 2.85 0.13 0.90 0.18
HD239748 (Tr 37)       4.590 0.005 0.95 0.02 -0.32 0.22  0.87 0.05  3.42 0.16 0.27 0.02 5.83 0.10 1.99 0.08 1.31 -0.01 2.84 0.12 0.95 0.16
BD+57 2395B (Tr 37)    4.586 0.007 1.14 0.04 -0.57 0.14  1.02 0.04  3.99 0.25 0.40 0.03 5.80 0.08 2.41 0.07 1.40 -0.01 2.65 0.10 1.10 0.18
HD209339               4.594 0.003 0.81 0.01  0.10 0.44  0.77 0.09  2.33 0.11 0.50 0.13 7.05 0.21 1.96 0.10 1.29 -0.01 3.10      1.11
HD209481               4.613 0.007 1.01 0.04 -0.89 0.23  0.96 0.05  3.50 0.32 0.80 0.25 7.34 0.11 1.87 0.10 1.29 -0.01 3.10      1.11
HD210072               4.648 0.008 0.85 0.04 -1.43 0.33  1.40 0.07  1.49 0.13 0.50 0.05 5.82 0.11 2.43 0.09 1.36  0.00 2.71 0.13 0.87 0.21
HD210121               4.561 0.012 1.41 0.06 -2.81 0.26  1.65 0.07  3.83 0.34 0.45 0.03 5.68 0.09           1.37 -0.01 2.01 0.15 0.51 0.21
BD+53 2820             4.603 0.004 0.85 0.01 -1.29 0.18  1.06 0.04  2.37 0.11 0.25 0.04 6.49 0.17 1.84 0.08 1.30 -0.01 2.92 0.16 1.11 0.23
BD+69 1231             4.602 0.008 1.22 0.05  0.35 0.87  0.28 0.19  8.50 0.83 0.49 0.04 5.07 0.20 2.28 0.21 1.38 -0.00 2.81 0.29 1.06 0.40
BD+53 2885             4.605 0.007 0.83 0.03 -0.98 0.31  1.04 0.07  2.21 0.16 0.48 0.06 6.48 0.12 1.89 0.10 1.29 -0.01 3.12 0.20 1.12
HD235874               4.614 0.011 0.91 0.04 -0.46 0.44  0.95 0.11  2.70 0.26 0.18 0.03 5.01 0.23 2.05 0.14 1.32 -0.01 3.02 0.26 1.28 0.38
HD216532 (Cep OB3)     4.584 0.003 0.94 0.02  0.41 0.09  0.60 0.02  3.65 0.14 0.36 0.02 6.25 0.05 1.99 0.04 1.33  0.01 2.87 0.06 0.98 0.07
BD+62 2125 (Cep OB3)   4.624 0.005 1.03 0.04 -0.01 0.17  0.76 0.03  3.51 0.24 0.21 0.02 5.56 0.11 2.08 0.05 1.34  0.01 2.72 0.05 0.86 0.08
HD216658 (Cep OB3)     4.614 0.003 0.89 0.01  0.66 0.10  0.55 0.02  2.80 0.08 0.37 0.02 6.22 0.04 2.01 0.04 1.33  0.02 3.14 0.05 1.11 0.08
BD+61 2365 (Cep OB3)   4.598 0.002 0.87 0.02  0.71 0.18  0.51 0.03  3.15 0.11 0.28 0.02 6.40 0.10 1.90 0.05 1.33  0.00 3.23 0.14 1.33 0.20
HD216898 (Cep OB3)     4.596 0.003 0.94 0.01  0.27 0.12  0.60 0.02  3.48 0.12 0.31 0.02 6.35 0.06 1.93 0.05 1.32  0.01 2.84 0.06 0.97 0.09
HD217061 (Cep OB3)     4.612 0.004 0.90 0.02  0.39 0.16  0.64 0.03  2.84 0.11 0.38 0.02 6.02 0.06 2.05 0.05 1.34  0.01 2.88 0.05 0.97 0.07
HD217086 (Cep OB3)     4.600 0.001 0.95 0.01  0.80 0.10  0.48 0.02  3.43 0.07 0.30 0.02 6.08 0.07 1.95 0.04 1.32  0.01 2.94 0.05 0.99 0.09
BD+62 2154 (Cep OB3)   4.616 0.004 1.01 0.02  0.48 0.17  0.58 0.03  3.35 0.15 0.30 0.02 6.05 0.07 1.94 0.05 1.33  0.00 2.79 0.07 0.94 0.10
HD217979 (Cep OB3)     4.599 0.003 0.89 0.02 -0.29 0.23  0.84 0.05  2.63 0.11 0.29 0.02 5.81 0.10 2.09 0.06 1.32  0.00 2.74 0.08 0.80 0.12
HD218066 (Cep OB3)     4.579 0.005 0.90 0.03  0.30 0.16  0.63 0.03  3.04 0.15 0.35 0.03 6.21 0.07 1.95 0.04 1.32  0.00 3.00 0.09 1.04 0.12
HD218376               4.599 0.003 0.91 0.03 -0.97 0.38  0.95 0.09  2.90 0.24 0.73 0.11 7.44 0.14 1.73 0.12 1.28 -0.01 3.10      1.11
BD+55 2899             4.586 0.004 0.87 0.02 -0.37 0.26  0.96 0.05  2.78 0.13 0.17 0.03 5.94 0.23 2.15 0.07 1.31 -0.00 3.10 0.14 1.08 0.17
BD+63 1964             4.627 0.003 0.79 0.01  0.10 0.13  0.74 0.02  2.16 0.07 0.35 0.02 6.26 0.05 1.88 0.03 1.33  0.01 3.04 0.06 1.17 0.07
HD220057 (NGC 7654)    4.625 0.007 0.89 0.03  1.76 0.69  0.31 0.15  2.66 0.23 0.37 0.03 5.68 0.25 1.97 0.15 1.31 -0.01 2.33 0.22 0.63
BD+60 2522 (NGC 7654)  4.598 0.003 0.80 0.01  0.15 0.16  0.70 0.03  2.23 0.08 0.21 0.02 5.76 0.14 1.94 0.05 1.31  0.00 3.43 0.07 1.41 0.11
HD224257               4.596 0.008 0.86 0.03 -1.17 0.42  1.06 0.12  1.94 0.16 0.17 0.02 5.59 0.34 1.90 0.13 1.29 -0.01 2.90 0.24 0.99
