HD698                  18434  499 3.72 0.31 -0.18 0.10  3.2 0.5 0.0670 0.0014 0.37 0.01
HD3191                 24001  890 3.41 0.28 -0.43 0.06 10.      0.0328 0.0009 0.68 0.01
BD+57 245 (NGC 457)    22885  697 3.64 0.20 -0.39 0.08  5.5 0.6 0.0160 0.0004 0.50 0.01
BD+57 252 (NGC 457)    24924  616 3.64 0.16 -0.47 0.06 10.      0.0173 0.0004 0.51 0.01
NGC 457 Pesch 34       23594  661 3.91 0.17 -0.07 0.06  1.2 0.8 0.0110 0.0003 0.51 0.01
NGC 457 Pesch 13       22023  809 3.84 0.17 -0.47 0.11  2.1 0.8 0.0114 0.0003 0.51 0.01
NGC 457 Pesch 9        25738  577 3.77 0.16 -0.75 0.07  9.1 0.7 0.0147 0.0003 0.54 0.01
Cr 463 #18             11891  286 3.99 0.16 -0.60 0.10  0.      0.0198 0.0003 0.35 0.01
BD+70 131 (Cr 463)     11351  204 3.93 0.17 -0.73 0.07  5.1 0.4 0.0210 0.0003 0.28 0.01
Cr 463 #5              11859  230 4.10 0.19 -0.59 0.09  2.0 0.4 0.0170 0.0002 0.30 0.01
BD+71 92 (Cr 463)      11885  192 4.11 0.17 -0.57 0.07  0.      0.0167 0.0002 0.24 0.01
BD+71 107 (Cr 463)     12836  343 3.88 0.15 -0.33 0.06  1.1 0.4 0.0245 0.0005 0.36 0.01
BD+55 393              24129  922 3.78 0.33 -0.31 0.08  0.      0.0083 0.0002 0.27 0.01
Hiltner 188            22898  863 3.75 0.38 -0.25 0.09  6.1 0.6 0.0182 0.0004 0.66 0.01
HD236923               23785  810 3.30 0.28 -0.58 0.07 10.      0.0189 0.0005 0.64 0.01
HD12323                33500 1000 3.75 0.21  0.        10.      0.0115 0.0003 0.21 0.01
HD13338                24570  714 3.9  0.2  -0.16 0.06  1.9 0.5 0.0203 0.0005 0.50 0.01
BD+57 513              26656  974 4.04 0.33 -0.30 0.07  9.1 0.6 0.0167 0.0004 0.54 0.01
HD13621                28759  992 3.86 0.31 -0.49 0.08 10.      0.0226 0.0005 0.33 0.01
HD13659                24942  829 3.50 0.29 -0.49 0.07 10.      0.0319 0.0009 0.80 0.01
HD14092                26000  963 3.30 0.25 -0.29 0.06  5.6 0.8 0.0179 0.0004 0.48 0.01
HD14053 (NGC 869)      26214  569 3.53 0.15 -0.30 0.05 10.      0.0259 0.0005 0.50 0.01
BD+56 501 (NGC 869)    28024  579 3.87 0.16 -0.21 0.05 10.      0.0164 0.0004 0.53 0.01
BD+56 502 (NGC 869)    27766  520 3.81 0.15 -0.46 0.05 10.      0.0177 0.0004 0.57 0.01
BD+56 510 (NGC 869)    25521  790 3.72 0.15 -0.40 0.05  3.9 0.6 0.0184 0.0005 0.56 0.01
BD+56 511 (NGC 869)    25920  489 3.55 0.14 -0.32 0.04 10.      0.0245 0.0006 0.63 0.01
BD+56 515 (NGC 869)    23582  879 3.67 0.16 -0.59 0.08  8.9 0.9 0.0184 0.0006 0.57 0.01
BD+56 516 (NGC 869)    24769  897 3.96 0.17 -0.30 0.07  0.      0.0126 0.0004 0.53 0.01
BD+56 517 (NGC 869)    24144  716 3.99 0.16 -0.12 0.07  0.      0.0118 0.0003 0.51 0.01
BD+56 518 (NGC 869)    27874 1066 4.19 0.18 -0.48 0.06  0.      0.0104 0.0003 0.64 0.01
BD+56 524 (NGC 869)    25693  962 3.81 0.17 -0.46 0.07  5.7 0.8 0.0163 0.0005 0.59 0.01
BD+56 526 (NGC 869)    22721  612 3.40 0.14 -0.43 0.06 10.      0.0269 0.0006 0.64 0.01
HD14250 (NGC 884)      25978  853 3.53 0.15 -0.21 0.04  4.4 0.6 0.0227 0.0007 0.58 0.01
HD14321 (NGC 884)      23915  525 3.55 0.12 -0.37 0.05  2.2 0.6 0.0199 0.0005 0.54 0.01
HD14357 (NGC 884)      22072  515 3.24 0.14 -0.50 0.03 10.      0.0298 0.0007 0.54 0.01
BD+56 571 (NGC 884)    25436  647 3.63 0.16 -0.43 0.06 10.      0.0188 0.0005 0.58 0.01
BD+56 574 (NGC 884)    23259  572 3.31 0.16 -0.37 0.05 10.      0.0284 0.0007 0.53 0.01
BD+56 576 (NGC 884)    26788  568 3.71 0.14 -0.43 0.06  9.4 0.7 0.0175 0.0004 0.56 0.01
HD14520 (NGC 884)      25972 1763 3.61 0.17 -0.56 0.06  9.9 1.0 0.0198 0.0009 0.58 0.02
BD+56 589              25841  760 3.84 0.28 -0.38 0.07 10.      0.0201 0.0006 0.66 0.01
HD236960 (IC 1805)     27736  599 3.88 0.19 -0.19 0.05 10.      0.0176 0.0004 0.72 0.01
HD17443                10573  532 4.12 0.46 -0.74 0.12  1.4 0.6 0.0405 0.0013 0.35 0.02
HD237019 (IC 1848)     36000 1000 4.10 0.14  0.        10.      0.0167 0.0004 0.76 0.01
BD+60 594 (IC 1848)    33500 1000 4.05 0.15  0.        10.      0.0162 0.0005 0.65 0.01
HD18352 (IC 1848)      23103  601 3.04 0.13 -0.38 0.06  4.3 0.8 0.0542 0.0015 0.44 0.01
HD19820                33500 1000 3.37 0.15  0.        10.      0.0544 0.0012 0.77 0.01
HD21483                18222  538 3.00 0.29 -0.31 0.09  0.      0.0727 0.0016 0.55 0.01
HD23060                19433  845 3.13 0.42 -0.67 0.15  0.      0.0423 0.0012 0.31 0.02
HD23180                24217  635 4.16 0.28 -0.11 0.06  5.3 0.3 0.1858 0.0043 0.29 0.01
HD281159 (IC 348)      20763  990 3.93 0.16 -1.22 0.07  7.2 1.1 0.0610 0.0017 0.89 0.01
HD23512 (Mel 22)        9836  151 4.23 0.16 -0.40 0.05  1.8 0.3 0.0651 0.0014 0.36 0.01
HD24432                17279  465 2.90 0.29 -0.61 0.07  9.2 0.5 0.1072 0.0020 0.75 0.01
HD25443                28784  587 3.9  0.2  -0.30 0.05 10.      0.0552 0.0012 0.58 0.01
HD25638                29312  378 3.50 0.12 -0.17 0.09 10.      0.0598 0.0012 0.69 0.01
HD27778                17416  556 3.47 0.39 -0.43 0.10  1.1 0.5 0.0805 0.0017 0.36 0.01
HD28475                15404  429 3.9  0.2  -1.04 0.10  2.2 0.9 0.0669 0.0014 0.24 0.01
HD28482                11904  481 3.66 0.45 -0.53 0.11  0.      0.0994 0.0030 0.49 0.01
HD29309                20261  497 3.9  0.2  -0.42 0.07  0.      0.0788 0.0015 0.53 0.01
HD29647                10389  465 3.70 0.53 -0.88 0.14  0.      0.1546 0.0038 0.96 0.02
BD+45 973              30613 1146 3.90 0.33 -0.45 0.09  6.3 0.9 0.0299 0.0007 0.80 0.01
HD30123 (NGC 1647)     13324  520 3.61 0.18 -0.85 0.10  0.      0.0482 0.0013 0.48 0.01
HD284841 (NGC 1647)    12693  278 3.90 0.17 -0.56 0.07  0.      0.0308 0.0007 0.43 0.01
HD284839 (NGC 1647)    12799  254 4.12 0.17 -0.65 0.07  0.      0.0228 0.0005 0.33 0.01
HD30122                16158  734 3.67 0.49 -1.01 0.15  2.7 0.8 0.0772 0.0020 0.23 0.01
HD282485               12201  500 3.98 0.46 -0.77 0.11  1.8 0.6 0.0242 0.0006 0.39 0.01
HD30470 (NGC 1662)      9924  151 3.87 0.14 -0.53 0.05  1.8 0.2 0.0334 0.0006 0.35 0.01
HD287150 (NGC 1662)     9580  126 3.73 0.16  0.00 0.06  1.6 0.2 0.0399 0.0009 0.37 0.01
HD30492 (NGC 1662)      9769  204 3.66 0.15 -0.51 0.07  1.9 0.3 0.0448 0.0010 0.40 0.02
HD30675                17506  646 3.94 0.49 -0.37 0.13  0.      0.0596 0.0014 0.52 0.01
ALS 8107               32750 1000 3.75 0.23  0.        10.      0.0077 0.0002 0.69 0.01
BD+44 1080             14592  698 3.9  0.2  -0.45 0.11  0.      0.0489 0.0014 0.99 0.01
HD33411                21102  947 3.36 0.39 -0.60 0.12  0.      0.0275 0.0007 0.28 0.01
HD34078                32750 1000 4.00 0.00  0.        10.      0.0745 0.0019 0.52 0.01
HD34333                27107  612 3.9  0.2  -0.59 0.05  3.6 0.5 0.0304 0.0006 0.34 0.01
HD36982 (NGC 1977)     19438  352 4.04 0.16 -0.14 0.05  0.      0.0400 0.0008 0.31 0.01
HD294264 (NGC 1977)    19201  503 4.01 0.16 -0.68 0.10  1.6 1.0 0.0413 0.0010 0.52 0.01
NGC 1977 #885          18660  648 4.09 0.15 -0.46 0.10  0.      0.0359 0.0010 0.82 0.01
NGC 1977 #1018         17904  668 3.62 0.16 -0.75 0.15  0.      0.0675 0.0020 0.89 0.01
HD37020 (NGC 1977)     30284  884 4.05 0.17 -0.82 0.10  4.9 1.0 0.0603 0.0015 0.31 0.01
HD37022 (NGC 1977)     37000 1000 3.83 0.12  0.        10.      0.1111 0.0026 0.30 0.01
HD37061 (NGC 1977)     30057  599 3.87 0.16 -0.72 0.05  8.6 0.7 0.0770 0.0018 0.53 0.01
HD37130 (NGC 1977)     11440  141 4.08 0.15 -0.45 0.08  1.6 0.7 0.0250 0.0009 0.23 0.01
HD37367                20519  742 3.37 0.38 -0.34 0.13  2.5 0.8 0.0960 0.0025 0.38 0.01
HD294304               13978  353 3.9  0.2  -0.47 0.08  0.      0.0202 0.0004 0.42 0.01
HD37903                22677  476 3.9  0.2  -0.34 0.05  0.      0.0385 0.0008 0.33 0.01
HD38023                18977  702 3.46 0.41 -0.47 0.12  0.      0.0325 0.0009 0.52 0.01
HD38051                19979  526 3.80 0.37 -0.31 0.10  0.      0.0367 0.0008 0.56 0.01
HD38087                18080  322 3.9  0.2  -0.43 0.06  0.      0.0469 0.0009 0.31 0.01
HD38131                27923  547 3.9  0.2  -0.42 0.05 10.      0.0266 0.0005 0.48 0.01
HD248893               30235 1253 4.00 0.41 -0.35 0.15 10.      0.0188 0.0005 0.72 0.01
HD40893                31921  748 3.78 0.17 -0.76 0.05 10.      0.0159 0.0004 0.45 0.01
HD251204               31000 1148 3.91 0.31 -0.69 0.10 10.      0.0147 0.0004 0.76 0.01
HD41690                23899  916 3.75 0.35 -0.51 0.08 10.      0.0376 0.0010 0.44 0.01
HD252325               28391 1263 3.9  0.2  -0.67 0.12  0.      0.0178 0.0006 0.84 0.01
HD46056 (NGC 2244)     36000 1000 4.05 0.11  0.        10.      0.0214 0.0005 0.49 0.01
HD46106 (NGC 2244)     30705  539 3.77 0.16 -0.74 0.04 10.      0.0263 0.0006 0.43 0.01
NGC 2244 #11           28174  767 4.21 0.17 -0.30 0.06  0.      0.0128 0.0003 0.45 0.01
NGC 2244 #14           24470 1893 4.16 0.17 -0.48 0.10  0.      0.0120 0.0006 0.47 0.02
NGC 2244 #23           21396  905 4.28 0.17 -0.33 0.12  0.      0.0090 0.0002 0.48 0.01
HD259105 (NGC 2244)    31755  654 4.22 0.16 -0.61 0.06 10.      0.0143 0.0004 0.47 0.01
HD46149 (NGC 2244)     34750 1000 3.84 0.12  0.        10.      0.0281 0.0008 0.46 0.01
HD46202 (NGC 2244)     33500 1000 3.92 0.14  0.        10.      0.0236 0.0007 0.47 0.01
HD46485 (NGC 2244)     37000 1000 3.96 0.13  0.        10.      0.0256 0.0007 0.61 0.01
HD46711 (NGC 2244)     19410  480 2.92 0.14 -0.31 0.07  4.5 0.5 0.0612 0.0013 1.05 0.01
HD47088 (NGC 2244)     25252  746 3.57 0.15 -0.42 0.07  1.4 0.9 0.0285 0.0007 0.22 0.01
HD47107 (NGC 2244)     26718  758 3.76 0.16 -0.39 0.06  0.      0.0226 0.0006 0.23 0.01
HD47382 (NGC 2244)     28842  535 3.46 0.12 -0.47 0.07 10.      0.0417 0.0009 0.44 0.01
HD47417 (NGC 2244)     28569  641 3.53 0.15 -0.65 0.09 10.      0.0360 0.0009 0.28 0.01
NGC 2264 #67           27707  643 4.06 0.17 -0.46 0.06  0.1 0.7 0.0387 0.0009 0.87 0.01
HD46660                26138  862 3.9  0.2  -0.56 0.07  0.      0.0362 0.0009 0.56 0.01
HD46883                23764  811 3.9  0.2  -0.57 0.06 10.      0.0493 0.0013 0.63 0.01
HD48099                37000 1000 3.50 0.09  0.        10.      0.0371 0.0006 0.23 0.01
HD292167               33500 1000 3.64 0.26  0.        10.      0.0217 0.0005 0.72 0.01
HD52266                32750 1000 3.75 0.25  0.        10.      0.0285 0.0006 0.26 0.02
HD53974                26243  293 3.35 0.09 -0.71 0.05 10.      0.0833 0.0016 0.30 0.01
HD54306                22409  868 3.96 0.37 -0.35 0.09  0.      0.0183 0.0005 0.23 0.01
HD54439                27745  981 3.9  0.2  -0.41 0.08  0.      0.0268 0.0008 0.31 0.01
HD62542                17048  434 3.9  0.2  -0.48 0.07  0.4 0.5 0.0387 0.0008 0.36 0.01
CD-28 5205 (Ru 44)     33500 1000 4.02 0.12  0.        10.      0.0071 0.0002 0.58 0.01
ALS 908 (Ru 44)        33500 1000 4.13 0.12  0.        10.      0.0061 0.0002 0.65 0.01
HD68633                19527  507 3.9  0.2  -0.56 0.08  2.9 0.7 0.0505 0.0011 0.49 0.01
CD-42 4120             31000 1149 3.79 0.34 -0.64 0.12 10.      0.0170 0.0005 0.75 0.01
HD70614                19772  894 3.78 0.53 -0.15 0.15  2.0 0.9 0.0320 0.0009 0.68 0.01
HD72648                21035  551 3.09 0.23 -0.35 0.06  5.5 0.4 0.0415 0.0010 0.34 0.01
HD73882                36000 1000 3.50 0.12  0.        10.      0.0528 0.0011 0.67 0.01
HD75309                27826  624 3.9  0.2  -0.29 0.05 10.      0.0259 0.0006 0.28 0.01
CD-42 4819             24055 1013 3.9  0.2  -0.58 0.08  0.      0.0200 0.0006 0.64 0.01
HD91651                33500 1000 3.88 0.23  0.        10.      0.0139 0.0004 0.28 0.01
HD91824 (NGC 3293)     37000 1000 3.90 0.14  0.        10.      0.0162 0.0003 0.25 0.01
HD91983 (NGC 3293)     25125  593 3.45 0.15 -0.41 0.04 10.      0.0199 0.0004 0.29 0.01
HD92044 (NGC 3293)     26548  630 3.31 0.16 -0.48 0.06  9.3 0.8 0.0273 0.0006 0.43 0.01
HD303067 (NGC 3293)    25974  776 3.73 0.19 -0.30 0.08  2.2 1.0 0.0132 0.0003 0.29 0.01
HD303068 (NGC 3293)    25969  753 3.85 0.19 -0.30 0.06  0.      0.0111 0.0003 0.26 0.01
CPD-57 3506 (NGC 3293) 23272  531 3.07 0.15 -0.46 0.05 10.      0.0353 0.0007 0.32 0.01
CPD-57 3507 (NGC 3293) 26841  681 3.80 0.13 -0.44 0.07  5.5 0.9 0.0122 0.0004 0.22 0.01
CPD-57 3521 (NGC 3293) 23821  722 3.24 0.16 -0.43 0.05  9.8 0.5 0.0265 0.0007 0.31 0.01
CPD-57 3523 (NGC 3293) 26419  524 3.36 0.13 -0.52 0.06 10.      0.0247 0.0005 0.28 0.01
CPD-57 3528 (NGC 3293) 21779  668 3.91 0.17 -0.25 0.08  0.      0.0086 0.0002 0.28 0.01
CPD-57 3527 (NGC 3293) 26314  662 3.60 0.15 -0.35 0.05  7.3 0.7 0.0165 0.0004 0.32 0.01
NGC 3293 #65           25759  709 3.85 0.15 -0.29 0.06  3.7 0.7 0.0109 0.0003 0.29 0.01
NGC 3293 #86           30474  818 4.28 0.17 -0.50 0.08  3.5 1.2 0.0073 0.0002 0.40 0.01
HD93028 (Cr 228)       33500 1000 4.02 0.15  0.        10.      0.0154 0.0004 0.23 0.01
HD93222 (Cr 228)       33500 1000 3.66 0.14  0.        10.      0.0277 0.0009 0.33 0.01
Tr 14 #6               31176  666 4.07 0.16 -0.62 0.06  7.9 1.0 0.0090 0.0002 0.48 0.01
Tr 14 #20              40000 1000 3.95 0.13  0.        10.      0.0155 0.0004 0.60 0.01
Tr 14 #21              33500 1000 3.91 0.11  0.        10.      0.0123 0.0004 0.63 0.01
Tr 14 #27              28913  625 3.89 0.19 -0.75 0.07  8.4 1.0 0.0106 0.0003 0.58 0.01
CPD-59 2574 (Tr 16)    24817  748 3.58 0.15 -0.38 0.06  0.      0.0145 0.0004 0.39 0.01
CPD-59 2581 (Tr 16)    29209  686 4.03 0.17 -0.46 0.06  3.1 0.7 0.0088 0.0002 0.52 0.01
CPD-59 2583 (Tr 16)    25661 1249 3.90 0.15 -0.43 0.06  0.      0.0093 0.0003 0.48 0.02
CPD-59 2591 (Tr 16)    31678  720 3.84 0.16 -0.73 0.06 10.      0.0129 0.0003 0.75 0.01
CPD-59 2595 (Tr 16)    20483  598 3.57 0.18 -0.45 0.06  0.      0.0120 0.0003 0.27 0.01
CPD-59 2596 (Tr 16)    30324  705 3.95 0.18 -0.57 0.09  3.6 1.1 0.0103 0.0003 0.70 0.01
CPD-59 2600 (Tr 16)    40000 1000 3.76 0.10  0.        10.      0.0226 0.0006 0.50 0.02
CPD-59 2622 (Tr 16)    30100  561 4.11 0.17 -0.57 0.07  5.0 0.7 0.0081 0.0002 0.42 0.01
CPD-59 2625 (Tr 16)    23210 1193 3.92 0.18 -0.51 0.10  0.      0.0081 0.0003 0.39 0.01
CPD-59 2640 (Tr 16)    25711  681 4.01 0.20 -0.20 0.06  0.9 0.8 0.0080 0.0002 0.38 0.01
Tr 16 #33              22737  930 3.94 0.19 -0.49 0.09  0.      0.0078 0.0002 0.50 0.01
Tr 16 #14              25554  798 3.87 0.16 -0.58 0.07  1.8 0.8 0.0095 0.0002 0.69 0.01
Tr 16 #73              27173  951 3.92 0.16 -0.35 0.06  0.      0.0095 0.0004 0.68 0.01
Tr 16 #74              27607  752 4.10 0.19 -0.57 0.07  3.3 0.8 0.0076 0.0003 0.53 0.01
Tr 16 #76              25817 1034 3.65 0.18 -0.58 0.06  0.      0.0135 0.0004 0.70 0.01
HD97848                33500 1000 3.75 0.22  0.        10.      0.0150 0.0004 0.27 0.02
HD99264                21235  428 3.9  0.2  -0.47 0.07  0.      0.0931 0.0016 0.27 0.01
HD99872                16501  798 3.68 0.50 -0.57 0.16  0.      0.0952 0.0025 0.32 0.01
HD101008               33500 1000 3.79 0.19  0.        10.      0.0119 0.0002 0.27 0.01
HD104705               32283  549 3.94 0.21 -0.25 0.05 10.      0.0259 0.0005 0.28 0.01
HD108927               14406  293 3.9  0.2  -0.97 0.08  0.4 0.6 0.0447 0.0010 0.24 0.01
HD110336               12128  188 3.9  0.2  -0.90 0.07  2.1 0.4 0.0432 0.0009 0.45 0.01
HD110715               10713  160 3.9  0.2  -0.48 0.06  2.0 0.4 0.0505 0.0010 0.45 0.01
HD110863               23930  937 3.65 0.32 -0.25 0.08  3.4 0.5 0.0233 0.0005 0.54 0.01
HD110946               24193  850 3.9  0.2  -0.52 0.07  8.0 0.8 0.0221 0.0006 0.50 0.01
CPD-59 4528 (NGC 4755) 26526  624 4.04 0.18 -0.34 0.05  2.4 0.6 0.0127 0.0003 0.39 0.01
CPD-59 4532 (NGC 4755) 24714  703 4.07 0.15 -0.37 0.05  0.      0.0115 0.0003 0.40 0.01
CPD-59 4537 (NGC 4755) 20828  577 4.13 0.17 -0.40 0.06  0.      0.0090 0.0002 0.40 0.01
CPD-59 4541 (NGC 4755) 24117  518 4.08 0.17 -0.08 0.05  0.      0.0111 0.0002 0.40 0.01
CPD-59 4549 (NGC 4755) 24649  618 3.94 0.16 -0.25 0.05  2.6 0.5 0.0136 0.0004 0.35 0.01
CPD-59 4550 (NGC 4755) 23832  642 3.90 0.16 -0.11 0.05  0.      0.0139 0.0003 0.46 0.01
CPD-59 4552 (NGC 4755) 24857  536 3.52 0.15 -0.39 0.04  8.8 0.6 0.0258 0.0005 0.38 0.01
CPD-59 4563 (NGC 4755) 19758  572 4.13 0.16 -0.46 0.07  0.      0.0087 0.0002 0.34 0.01
CPD-59 4564 (NGC 4755) 25724  509 3.82 0.15 -0.34 0.05  6.0 0.6 0.0167 0.0004 0.34 0.01
NGC 4755 #105          25762  499 3.65 0.14 -0.31 0.03 10.      0.0219 0.0007 0.41 0.01
HD312084 (NGC 4755)    20421  502 4.10 0.15 -0.34 0.08  0.      0.0092 0.0002 0.40 0.01
HD112607               13366  765 3.38 0.56 -0.59 0.14  0.0 0.6 0.0435 0.0015 0.31 0.02
HD112784               32750 1000 3.82 0.25  0.        10.      0.0190 0.0005 0.35 0.01
HD112954               11213  479 4.01 0.51 -0.52 0.12  1.0 0.7 0.0667 0.0019 0.57 0.01
HD113012               29969  647 3.9  0.2  -0.36 0.05 10.      0.0238 0.0006 0.39 0.01
HD123335               17434  369 3.9  0.2  -0.68 0.09  2.8 1.0 0.0738 0.0015 0.23 0.01
HD143054               18204  667 3.22 0.43 -0.77 0.15  0.      0.0253 0.0006 0.55 0.01
HD144470               26538  519 3.9  0.2  -0.33 0.05  1.8 0.8 0.1565 0.0036 0.22 0.01
HD145554               11275  391 4.19 0.46 -0.83 0.08  0.      0.0596 0.0016 0.21 0.01
HD146284               11977  187 3.9  0.2  -0.73 0.06  1.8 0.3 0.0865 0.0019 0.25 0.01
HD146285               11828  191 3.9  0.2  -0.94 0.07  2.0 0.3 0.0613 0.0011 0.32 0.01
HD147165               28391  595 3.9  0.2  -0.32 0.04 10.      0.3180 0.0074 0.41 0.01
HD147196               12669  201 3.9  0.2  -1.00 0.07  0.      0.0739 0.0016 0.27 0.01
HD147701               14039  720 3.76 0.57 -0.79 0.17  0.      0.0896 0.0026 0.69 0.01
HD147889               21826  539 3.9  0.2  -0.26 0.07  0.      0.1620 0.0035 1.06 0.01
HD147888               19559  501 3.9  0.2  -0.61 0.11  2.3 1.4 0.1029 0.0023 0.51 0.01
HD147933               23038  844 3.86 0.33 -0.28 0.08  0.      0.2350 0.0065 0.47 0.01
HD148579               11533  159 3.9  0.2  -0.73 0.05  0.4 0.4 0.0909 0.0015 0.35 0.01
HD148594               12495  359 3.63 0.32 -0.55 0.08  0.      0.0723 0.0021 0.21 0.01
HD149452               33500 1000 3.74 0.18  0.        10.      0.0293 0.0008 0.86 0.01
HD149757               32750 1000 4.00 0.31  0.        10.      0.2534 0.0064 0.31 0.01
HD151346               17483  478 4.24 0.34 -0.09 0.08  0.      0.0705 0.0017 0.59 0.01
HD326309 (NGC 6231)    25454  727 4.28 0.18  0.06 0.06  0.      0.0142 0.0004 0.51 0.01
HD326328 (NGC 6231)    26502  691 4.38 0.17 -0.15 0.06  0.      0.0128 0.0003 0.46 0.01
HD326329 (NGC 6231)    33500 1000 4.26 0.16  0.        10.      0.0192 0.0005 0.46 0.01
HD326330 (NGC 6231)    27209  644 4.29 0.17 -0.02 0.06  3.2 0.5 0.0149 0.0004 0.44 0.01
HD326332 (NGC 6231)    29010  706 4.33 0.17 -0.22 0.08  4.7 0.8 0.0150 0.0004 0.51 0.01
HD326333 (NGC 6231)    27106  629 4.25 0.16 -0.01 0.06  4.0 0.5 0.0156 0.0004 0.45 0.01
HD326364 (NGC 6231)    29373  674 4.26 0.16 -0.39 0.07  5.9 0.7 0.0168 0.0004 0.62 0.01
CPD-41 7711 (NGC 6231) 25644  611 4.26 0.16  0.00 0.07  2.9 0.6 0.0147 0.0004 0.41 0.01
CPD-41 7715 (NGC 6231) 24633  595 4.30 0.19  0.24 0.06  0.      0.0134 0.0003 0.40 0.01
CPD-41 7719 (NGC 6231) 27347  663 4.29 0.17 -0.02 0.07  3.0 0.6 0.0149 0.0004 0.39 0.01
CPD-41 7724 (NGC 6231) 29523  643 4.36 0.16 -0.19 0.06  4.6 0.6 0.0146 0.0004 0.41 0.01
CPD-41 7727 (NGC 6231) 23950  671 4.09 0.18 -0.16 0.06  0.      0.0172 0.0004 0.39 0.01
CPD-41 7730 (NGC 6231) 26814  796 4.15 0.19 -0.24 0.06  0.      0.0177 0.0005 0.42 0.01
CPD-41 7733 (NGC 6231) 33500 1000 4.02 0.13  0.        10.      0.0271 0.0007 0.46 0.01
CPD-41 7736 (NGC 6231) 23758  607 4.26 0.13 -0.02 0.07  1.4 0.8 0.0136 0.0004 0.47 0.01
CPD-41 7743 (NGC 6231) 25959  750 4.20 0.18 -0.27 0.07  2.3 0.8 0.0160 0.0004 0.48 0.01
NGC 6231 Br1017        22474  601 4.37 0.16 -0.18 0.08  3.4 0.6 0.0112 0.0003 0.45 0.01
HD152560 (NGC 6231)    28116  552 3.94 0.14 -0.55 0.08  7.1 0.9 0.0248 0.0005 0.39 0.01
HD154445               25384  704 3.9  0.2  -0.32 0.06  0.      0.0890 0.0022 0.40 0.01
HD156247               16837 1491 3.49 0.90 -0.69 0.20  0.      0.0919 0.0032 0.25 0.02
HD164073               17405  390 3.9  0.2  -0.46 0.08  1.3 0.8 0.0395 0.0008 0.21 0.01
HD164863 (NGC 6531)    30749  551 3.91 0.15 -0.24 0.04 10.      0.0295 0.0006 0.26 0.01
HD164740 (NGC 6530)    36500 1000 3.92 0.15  0.        10.      0.0336 0.0008 0.86 0.01
HD164536 (NGC 6530)    33500 1000 3.90 0.16  0.        10.      0.0305 0.0010 0.25 0.01
NGC 6530 #3            28760  673 4.16 0.21 -0.35 0.06  2.6 0.6 0.0176 0.0005 0.28 0.01
HD164816 (NGC 6530)    31427  899 3.79 0.19 -0.70 0.06 10.      0.0330 0.0009 0.29 0.01
HD315032 (NGC 6530)    25092 1062 4.11 0.17 -0.28 0.07  0.      0.0164 0.0004 0.28 0.01
HD315026 (NGC 6530)    22867  665 3.88 0.19 -0.25 0.07  0.      0.0206 0.0006 0.32 0.01
NGC 6530 #49           16524  441 4.21 0.17 -1.17 0.10  4.2 1.0 0.0099 0.0002 0.30 0.01
HD315023 (NGC 6530)    23250  743 4.15 0.15 -0.50 0.08  3.2 0.6 0.0145 0.0004 0.36 0.01
NGC 6530 #56           28538  552 4.10 0.15 -0.33 0.05  3.9 0.6 0.0188 0.0005 0.37 0.01
HD315033 (NGC 6530)    25609  850 3.87 0.17 -0.26 0.06  0.3 0.8 0.0231 0.0007 0.35 0.01
NGC 6530 #61           22889  733 4.28 0.15 -0.48 0.08  1.5 0.8 0.0119 0.0003 0.35 0.01
HD315031 (NGC 6530)    24877  672 3.75 0.17 -0.25 0.08  1.6 1.1 0.0269 0.0007 0.33 0.01
HD315024 (NGC 6530)    25468 1871 4.19 0.19 -0.32 0.08  1.8 0.9 0.0150 0.0007 0.30 0.02
NGC 6530 #80           30012  605 4.35 0.16 -0.31 0.06  4.0 0.7 0.0141 0.0003 0.35 0.01
NGC 6530 #83           20713  658 4.18 0.17 -0.82 0.09  5.7 1.1 0.0124 0.0003 0.33 0.01
HD164933 (NGC 6530)    29647  692 4.02 0.16 -0.45 0.07  8.8 0.7 0.0217 0.0007 0.39 0.01
NGC 6530 #86           19669  516 3.90 0.15 -0.43 0.10  0.      0.0174 0.0004 0.36 0.01
HD315021 (NGC 6530)    27675  846 3.97 0.16 -0.40 0.05  2.9 0.6 0.0218 0.0005 0.34 0.01
HD164947 (NGC 6530)    21166  480 3.77 0.16 -0.33 0.07  0.      0.0224 0.0006 0.29 0.01
HD315022 (NGC 6530)    14466  359 3.89 0.17 -0.53 0.07  0.      0.0139 0.0003 0.29 0.01
HD315035 (NGC 6530)    18502  720 4.01 0.20 -0.46 0.11  0.      0.0143 0.0003 0.44 0.01
HD165052 (NGC 6530)    38500 1000 3.90 0.15  0.        10.      0.0383 0.0009 0.39 0.01
HD167771               37000 1000 3.62 0.17  0.        10.      0.0460 0.0009 0.38 0.01
BD-13 4920 (NGC 6611)  28060  676 3.94 0.18 -0.25 0.05  4.0 0.6 0.0175 0.0004 0.74 0.01
BD-13 4921 (NGC 6611)  33500 1000 4.05 0.17  0.        10.      0.0185 0.0005 0.77 0.01
BD-13 4934 (NGC 6611)  30618  625 4.02 0.18 -0.27 0.05  7.3 0.8 0.0172 0.0004 0.56 0.01
HD170634               13027  684 3.95 0.52 -0.56 0.12  0.8 0.7 0.0341 0.0010 0.69 0.01
HD170740               22180  671 3.94 0.40 -0.25 0.10  1.1 0.8 0.1052 0.0030 0.47 0.01
HD172028               23256  924 3.43 0.32 -0.34 0.08  0.      0.0578 0.0015 0.78 0.01
HD172140               29155  660 4.06 0.21 -0.07 0.06 10.      0.0080 0.0002 0.23 0.01
HD175156               18076  943 4.26 0.76 -0.14 0.16  3.9 0.5 0.1478 0.0037 0.35 0.01
VCT 30                  9525  395 3.9  0.2  -0.63 0.17  1.2 0.7 0.0358 0.0008 0.56 0.03
VCT 10                 14003  613 3.9  0.2  -0.40 0.11  0.      0.0468 0.0014 0.75 0.02
BD+02 3771             31496  799 3.9  0.2  -0.25 0.08 10.      0.0252 0.0005 0.92 0.01
HD177752               20272  592 3.9  0.2  -0.25 0.09  2.5 0.6 0.0374 0.0012 0.51 0.01
HD177989               28310  674 4.04 0.25 -0.26 0.07 10.      0.0111 0.0002 0.22 0.01
HD179406               17042  583 3.20 0.37 -0.43 0.11  0.8 0.7 0.1272 0.0030 0.31 0.01
HD180968               26043  727 3.72 0.26 -0.28 0.07  9.4 0.5 0.0795 0.0016 0.29 0.01
HD185418               25288  691 3.9  0.2  -0.11 0.06  1.3 0.8 0.0381 0.0010 0.47 0.01
HD190991               31491  703 3.9  0.2  -0.09 0.06 10.      0.0226 0.0004 0.43 0.01
HD192001               32750 1000 3.74 0.17  0.        10.      0.0240 0.0006 0.60 0.01
HD228365               28988  641 3.9  0.2  -0.11 0.06 10.      0.0118 0.0003 0.50 0.01
BD+37 3862 (IC 4996)   27969  444 3.70 0.14 -0.58 0.04 10.      0.0255 0.0005 0.65 0.01
HD228699 (IC 4996)     28666  523 3.96 0.16 -0.37 0.06 10.      0.0176 0.0003 0.66 0.01
HD193076 (IC 4996)     26080  472 3.36 0.13 -0.48 0.03 10.      0.0409 0.0007 0.57 0.01
HD193322               33500 1000 3.79 0.20  0.        10.      0.0571 0.0016 0.39 0.01
HD193443               33500 1000 3.75 0.22  0.        10.      0.0488 0.0011 0.68 0.01
HD228969 (Bk 86)       31035  624 4.01 0.17 -0.60 0.09 10.      0.0279 0.0016 1.01 0.01
HD229196 (NGC 6910)    40000 1000 3.84 0.12  0.        10.      0.0540 0.0013 1.20 0.01
HD229227 (NGC 6913)    30992  603 3.94 0.16 -0.75 0.10 10.      0.0299 0.0007 1.08 0.01
HD229234 (NGC 6913)    32750 1000 3.91 0.14  0.        10.      0.0336 0.0009 1.06 0.01
HD197512               22591  746 3.28 0.32 -0.50 0.10  0.6 0.9 0.0207 0.0004 0.29 0.01
HD197770               22888  502 3.9  0.2  -0.29 0.05  5.3 0.3 0.0925 0.0020 0.57 0.01
HD197702               24596  758 3.40 0.24 -0.45 0.06  7.5 0.6 0.0435 0.0010 0.43 0.01
BD+35 4258             22558  939 3.12 0.31 -0.61 0.07  7.4 0.7 0.0139 0.0003 0.25 0.01
HD198781               25197  604 3.50 0.21 -0.59 0.05 10.      0.0509 0.0009 0.31 0.01
HD199216               25479 1267 3.97 0.47 -0.53 0.11 10.      0.0651 0.0020 0.73 0.01
HD199579               40000 1000 3.65 0.11  0.        10.      0.0486 0.0011 0.33 0.01
BD+45 3360             19438  472 3.9  0.2  -0.29 0.07  5.5 0.7 0.0155 0.0003 0.41 0.01
HD203938               24494 1327 3.30 0.38 -0.64 0.09 10.      0.0718 0.0019 0.70 0.02
HD203532               17785  363 3.9  0.2  -0.44 0.06  0.      0.0770 0.0015 0.31 0.01
HD204827 (Tr 37)       29886  763 3.76 0.17 -0.97 0.15 10.      0.0514 0.0014 1.08 0.01
HD239683 (Tr 37)       21587  831 4.20 0.19  0.04 0.11  0.      0.0200 0.0005 0.50 0.01
HD239689 (Tr 37)       25695  720 4.35 0.18 -0.34 0.06  0.      0.0192 0.0005 0.43 0.01
HD239693 (Tr 37)       20231  694 4.25 0.17 -0.63 0.11  3.9 1.0 0.0178 0.0005 0.43 0.01
BD+58 2292 (Tr 37)     22491  715 4.26 0.17 -0.20 0.08  0.      0.0194 0.0004 0.63 0.01
HD205794 (Tr 37)       28142  646 4.07 0.16 -0.42 0.06  3.9 0.7 0.0307 0.0007 0.62 0.01
HD239710 (Tr 37)       22021 1404 4.17 0.17 -0.15 0.15  0.1 1.4 0.0212 0.0008 0.57 0.01
HD205948 (Tr 37)       23699  621 4.08 0.16 -0.16 0.05  0.      0.0255 0.0007 0.52 0.01
HD239722 (Tr 37)       22965 1293 3.99 0.15 -0.46 0.11  0.      0.0280 0.0009 0.90 0.01
HD239724 (Tr 37)       26468  574 4.19 0.17 -0.14 0.05 10.      0.0246 0.0005 0.63 0.01
HD239725 (Tr 37)       23259  997 4.19 0.20 -0.48 0.08  0.      0.0219 0.0006 0.48 0.01
HD239729 (Tr 37)       30934  806 4.16 0.15 -0.83 0.09  7.8 1.4 0.0300 0.0008 0.65 0.01
HD239738 (Tr 37)       25153 1212 4.08 0.19 -0.49 0.09  0.      0.0270 0.0011 0.53 0.01
HD239742 (Tr 37)       26510  936 4.48 0.19 -0.23 0.07  0.      0.0166 0.0005 0.46 0.01
HD239745 (Tr 37)       30123  567 4.45 0.17 -0.35 0.06  4.9 0.7 0.0197 0.0006 0.54 0.01
HD239748 (Tr 37)       28000  673 4.39 0.17 -0.31 0.06  2.2 0.8 0.0198 0.0005 0.43 0.01
BD+57 2395B (Tr 37)    21121 1025 4.25 0.15 -0.21 0.13  0.      0.0185 0.0007 0.69 0.01
HD209339               31366  929 4.00 0.33 -0.48 0.08 10.      0.0431 0.0011 0.35 0.01
HD209481               34750 1000 3.9  0.2   0.        10.      0.0646 0.0019 0.35 0.01
HD210072               19232  803 3.00 0.40 -0.49 0.12  7.9 0.8 0.0469 0.0014 0.49 0.02
HD210121               17021  820 3.11 0.65 -0.71 0.15  0.      0.0411 0.0010 0.38 0.02
BD+53 2820             28506  802 4.00 0.26 -0.33 0.07 10.      0.0103 0.0003 0.37 0.01
BD+69 1231             10951  209 3.79 0.33 -0.56 0.07  2.0 0.3 0.0268 0.0005 0.22 0.01
BD+53 2885             24699  692 3.9  0.2  -0.16 0.07  1.7 0.7 0.0085 0.0002 0.27 0.01
HD235874               20294  440 3.13 0.22 -0.30 0.07  4.1 0.4 0.0131 0.0003 0.21 0.01
HD216532 (Cep OB3)     34750 1000 4.18 0.16  0.        10.      0.0385 0.0010 0.84 0.01
BD+62 2125 (Cep OB3)   27621 1024 4.11 0.18 -0.46 0.09  0.      0.0329 0.0009 0.91 0.01
HD216658 (Cep OB3)     28303  690 3.95 0.15 -0.52 0.07  7.0 0.9 0.0418 0.0010 0.97 0.01
BD+61 2365 (Cep OB3)   28187  795 4.22 0.18 -0.32 0.07  0.7 0.9 0.0292 0.0015 0.78 0.01
HD216898 (Cep OB3)     33500 1000 4.15 0.16  0.        10.      0.0387 0.0011 0.83 0.01
HD217061 (Cep OB3)     26841 1015 3.93 0.18 -0.30 0.06  0.      0.0407 0.0011 0.94 0.01
HD217086 (Cep OB3)     37000 1000 4.06 0.13  0.        10.      0.0503 0.0013 0.92 0.01
BD+62 2154 (Cep OB3)   26842  772 4.33 0.16 -0.20 0.07  3.3 0.6 0.0240 0.0006 0.76 0.01
HD217979 (Cep OB3)     27575  765 4.27 0.21 -0.28 0.07  3.1 0.7 0.0266 0.0006 0.61 0.01
HD218066 (Cep OB3)     26892  766 3.82 0.16 -0.26 0.06  2.6 0.7 0.0481 0.0012 0.66 0.01
HD218376               26785  596 3.9  0.2  -0.42 0.04 10.      0.0965 0.0021 0.23 0.01
BD+55 2899             25651  665 3.73 0.21 -0.26 0.05  7.9 0.5 0.0106 0.0002 0.39 0.01
BD+63 1964             29858 1032 4.00 0.33 -0.04 0.08 10.      0.0463 0.0010 0.99 0.01
HD220057 (NGC 7654)    18241  454 3.11 0.16 -0.45 0.07  0.      0.0491 0.0009 0.24 0.02
BD+60 2522 (NGC 7654)  38500 1000 4.07 0.14  0.        10.      0.0268 0.0005 0.70 0.01
HD224257               30873 1374 4.07 0.55 -0.49 0.14 10.      0.0197 0.0004 0.24 0.01
